   0.0000000000000000        0.0000000000000000     
   3.1415927410125735E-002   3.1415927410125735E-002
   6.2831854820251470E-002   6.2831854820251470E-002
   9.4247782230377206E-002   9.4247782230377206E-002
  0.12566370964050294       0.12566370964050294     
  0.15707963705062866       0.15707963705062866     
  0.18849556446075438       0.18849556446075438     
  0.21991149187088010       0.21991149187088010     
  0.25132741928100583       0.25132741928100583     
  0.28274334669113155       0.28274334669113155     
  0.31415927410125727       0.31415927410125727     
  0.34557520151138299       0.34557520151138299     
  0.37699112892150871       0.37699112892150871     
  0.40840705633163443       0.40840705633163443     
  0.43982298374176015       0.43982298374176015     
  0.47123891115188588       0.47123891115188588     
  0.50265483856201165       0.50265483856201165     
  0.53407076597213743       0.53407076597213743     
  0.56548669338226321       0.56548669338226321     
  0.59690262079238898       0.59690262079238898     
  0.62831854820251476       0.62831854820251476     
  0.65973447561264054       0.65973447561264054     
  0.69115040302276631       0.69115040302276631     
  0.72256633043289209       0.72256633043289209     
  0.75398225784301787       0.75398225784301787     
  0.78539818525314364       0.78539818525314364     
  0.81681411266326942       0.81681411266326942     
  0.84823004007339520       0.84823004007339520     
  0.87964596748352097       0.87964596748352097     
  0.91106189489364675       0.91106189489364675     
  0.94247782230377253       0.94247782230377253     
  0.97389374971389830       0.97389374971389830     
   1.0053096771240240        1.0053096771240240     
   1.0367256045341497        1.0367256045341497     
   1.0681415319442755        1.0681415319442755     
   1.0995574593544013        1.0995574593544013     
   1.1309733867645271        1.1309733867645271     
   1.1623893141746529        1.1623893141746529     
   1.1938052415847786        1.1938052415847786     
   1.2252211689949044        1.2252211689949044     
   1.2566370964050302        1.2566370964050302     
   1.2880530238151560        1.2880530238151560     
   1.3194689512252817        1.3194689512252817     
   1.3508848786354075        1.3508848786354075     
   1.3823008060455333        1.3823008060455333     
   1.4137167334556591        1.4137167334556591     
   1.4451326608657848        1.4451326608657848     
   1.4765485882759106        1.4765485882759106     
   1.5079645156860364        1.5079645156860364     
   1.5393804430961622        1.5393804430961622     
   1.5707963705062880        1.5707963705062880     
   1.6022122979164137        1.6022122979164137     
   1.6336282253265395        1.6336282253265395     
   1.6650441527366653        1.6650441527366653     
   1.6964600801467911        1.6964600801467911     
   1.7278760075569168        1.7278760075569168     
   1.7592919349670426        1.7592919349670426     
   1.7907078623771684        1.7907078623771684     
   1.8221237897872942        1.8221237897872942     
   1.8535397171974199        1.8535397171974199     
   1.8849556446075457        1.8849556446075457     
   1.9163715720176715        1.9163715720176715     
   1.9477874994277973        1.9477874994277973     
   1.9792034268379231        1.9792034268379231     
   2.0106193542480488        2.0106193542480488     
   2.0420352816581744        2.0420352816581744     
   2.0734512090682999        2.0734512090682999     
   2.1048671364784255        2.1048671364784255     
   2.1362830638885510        2.1362830638885510     
   2.1676989912986766        2.1676989912986766     
   2.1991149187088022        2.1991149187088022     
   2.2305308461189277        2.2305308461189277     
   2.2619467735290533        2.2619467735290533     
   2.2933627009391788        2.2933627009391788     
   2.3247786283493044        2.3247786283493044     
   2.3561945557594299        2.3561945557594299     
   2.3876104831695555        2.3876104831695555     
   2.4190264105796810        2.4190264105796810     
   2.4504423379898066        2.4504423379898066     
   2.4818582653999322        2.4818582653999322     
   2.5132741928100577        2.5132741928100577     
   2.5446901202201833        2.5446901202201833     
   2.5761060476303088        2.5761060476303088     
   2.6075219750404344        2.6075219750404344     
   2.6389379024505599        2.6389379024505599     
   2.6703538298606855        2.6703538298606855     
   2.7017697572708110        2.7017697572708110     
   2.7331856846809366        2.7331856846809366     
   2.7646016120910621        2.7646016120910621     
   2.7960175395011877        2.7960175395011877     
   2.8274334669113133        2.8274334669113133     
   2.8588493943214388        2.8588493943214388     
   2.8902653217315644        2.8902653217315644     
   2.9216812491416899        2.9216812491416899     
   2.9530971765518155        2.9530971765518155     
   2.9845131039619410        2.9845131039619410     
   3.0159290313720666        3.0159290313720666     
   3.0473449587821921        3.0473449587821921     
   3.0787608861923177        3.0787608861923177     
   3.1101768136024432        3.1101768136024432     
   3.1415927410125688        3.1415927410125688     
   3.1730086684226944       -3.1101768136024521     
   3.2044245958328199       -3.0787608861923266     
   3.2358405232429455       -3.0473449587822010     
   3.2672564506530710       -3.0159290313720755     
   3.2986723780631966       -2.9845131039619499     
   3.3300883054733221       -2.9530971765518244     
   3.3615042328834477       -2.9216812491416988     
   3.3929201602935732       -2.8902653217315732     
   3.4243360877036988       -2.8588493943214477     
   3.4557520151138243       -2.8274334669113221     
   3.4871679425239499       -2.7960175395011966     
   3.5185838699340755       -2.7646016120910710     
   3.5499997973442010       -2.7331856846809455     
   3.5814157247543266       -2.7017697572708199     
   3.6128316521644521       -2.6703538298606944     
   3.6442475795745777       -2.6389379024505688     
   3.6756635069847032       -2.6075219750404433     
   3.7070794343948288       -2.5761060476303177     
   3.7384953618049543       -2.5446901202201921     
   3.7699112892150799       -2.5132741928100666     
   3.8013272166252055       -2.4818582653999410     
   3.8327431440353310       -2.4504423379898155     
   3.8641590714454566       -2.4190264105796899     
   3.8955749988555821       -2.3876104831695644     
   3.9269909262657077       -2.3561945557594388     
   3.9584068536758332       -2.3247786283493133     
   3.9898227810859588       -2.2933627009391877     
   4.0212387084960843       -2.2619467735290621     
   4.0526546359062099       -2.2305308461189366     
   4.0840705633163354       -2.1991149187088110     
   4.1154864907264610       -2.1676989912986855     
   4.1469024181365866       -2.1362830638885599     
   4.1783183455467121       -2.1048671364784344     
   4.2097342729568377       -2.0734512090683088     
   4.2411502003669632       -2.0420352816581833     
   4.2725661277770888       -2.0106193542480577     
   4.3039820551872143       -1.9792034268379322     
   4.3353979825973399       -1.9477874994278066     
   4.3668139100074654       -1.9163715720176810     
   4.3982298374175910       -1.8849556446075555     
   4.4296457648277165       -1.8535397171974299     
   4.4610616922378421       -1.8221237897873044     
   4.4924776196479677       -1.7907078623771788     
   4.5238935470580932       -1.7592919349670533     
   4.5553094744682188       -1.7278760075569277     
   4.5867254018783443       -1.6964600801468022     
   4.6181413292884699       -1.6650441527366766     
   4.6495572566985954       -1.6336282253265511     
   4.6809731841087210       -1.6022122979164255     
   4.7123891115188465       -1.5707963705062999     
   4.7438050389289721       -1.5393804430961744     
   4.7752209663390977       -1.5079645156860488     
   4.8066368937492232       -1.4765485882759233     
   4.8380528211593488       -1.4451326608657977     
   4.8694687485694743       -1.4137167334556722     
   4.9008846759795999       -1.3823008060455466     
   4.9323006033897254       -1.3508848786354211     
   4.9637165307998510       -1.3194689512252955     
   4.9951324582099765       -1.2880530238151700     
   5.0265483856201021       -1.2566370964050444     
   5.0579643130302276       -1.2252211689949188     
   5.0893802404403532       -1.1938052415847933     
   5.1207961678504788       -1.1623893141746677     
   5.1522120952606043       -1.1309733867645422     
   5.1836280226707299       -1.0995574593544166     
   5.2150439500808554       -1.0681415319442911     
   5.2464598774909810       -1.0367256045341655     
   5.2778758049011065       -1.0053096771240400     
   5.3092917323112321      -0.97389374971391440     
   5.3407076597213576      -0.94247782230378885     
   5.3721235871314832      -0.91106189489366329     
   5.4035395145416087      -0.87964596748353774     
   5.4349554419517343      -0.84823004007341218     
   5.4663713693618599      -0.81681411266328663     
   5.4977872967719854      -0.78539818525316107     
   5.5292032241821110      -0.75398225784303552     
   5.5606191515922365      -0.72256633043290996     
   5.5920350790023621      -0.69115040302278441     
   5.6234510064124876      -0.65973447561265885     
   5.6548669338226132      -0.62831854820253330     
   5.6862828612327387      -0.59690262079240775     
   5.7176987886428643      -0.56548669338228219     
   5.7491147160529898      -0.53407076597215664     
   5.7805306434631154      -0.50265483856203108     
   5.8119465708732410      -0.47123891115190553     
   5.8433624982833665      -0.43982298374177997     
   5.8747784256934921      -0.40840705633165442     
   5.9061943531036176      -0.37699112892152886     
   5.9376102805137432      -0.34557520151140331     
   5.9690262079238687      -0.31415927410127775     
   6.0004421353339943      -0.28274334669115220     
   6.0318580627441198      -0.25132741928102664     
   6.0632739901542454      -0.21991149187090109     
   6.0946899175643710      -0.18849556446077553     
   6.1261058449744965      -0.15707963705064998     
   6.1575217723846221      -0.12566370964052442     
   6.1889376997947476       -9.4247782230398869E-002
   6.2203536272048732       -6.2831854820273314E-002
   6.2517695546149987       -3.1415927410147759E-002
   6.2831854820251243       -2.2204460492503131E-014
