   0.00000000      -4.90000010    
   0.00000000      -4.89999962    
   9.99999978E-03  -4.89999771    
   1.99999996E-02  -4.89998817    
   2.99999993E-02  -4.89996243    
   3.99999991E-02  -4.89990807    
   4.99999970E-02  -4.89980984    
   5.99999949E-02  -4.89964676    
   6.99999928E-02  -4.89939785    
   7.99999908E-02  -4.89903545    
   8.99999887E-02  -4.89853001    
   9.99999866E-02  -4.89784765    
  0.109999985      -4.89695168    
  0.119999982      -4.89580154    
  0.129999980      -4.89435339    
  0.139999986      -4.89255905    
  0.149999991      -4.89036894    
  0.159999996      -4.88772774    
  0.170000002      -4.88457823    
  0.180000007      -4.88085938    
  0.190000013      -4.87650633    
  0.200000018      -4.87145185    
  0.210000023      -4.86562538    
  0.220000029      -4.85895300    
  0.230000034      -4.85135746    
  0.240000039      -4.84276009    
  0.250000030      -4.83307695    
  0.260000020      -4.82222319    
  0.270000011      -4.81011152    
  0.280000001      -4.79665184    
  0.289999992      -4.78175116    
  0.299999982      -4.76531553    
  0.309999973      -4.74724817    
  0.319999963      -4.72745275    
  0.329999954      -4.70582867    
  0.339999944      -4.68227673    
  0.349999934      -4.65669537    
  0.359999925      -4.62898397    
  0.369999915      -4.59904099    
  0.379999906      -4.56676483    
  0.389999896      -4.53205585    
  0.399999887      -4.49481344    
  0.409999877      -4.45494032    
  0.419999868      -4.41234064    
  0.429999858      -4.36691999    
  0.439999849      -4.31858778    
  0.449999839      -4.26725626    
  0.459999830      -4.21284199    
  0.469999820      -4.15526485    
  0.479999810      -4.09445095    
  0.489999801      -4.03033113    
  0.499999791      -3.96284246    
  0.509999812      -3.89192772    
  0.519999802      -3.81753731    
  0.529999793      -3.73962927    
  0.539999783      -3.65816927    
  0.549999774      -3.57313228    
  0.559999764      -3.48450184    
  0.569999754      -3.39227080    
  0.579999745      -3.29644179    
  0.589999735      -3.19702792    
  0.599999726      -3.09405375    
  0.609999716      -2.98755288    
  0.619999707      -2.87757206    
  0.629999697      -2.76416779    
  0.639999688      -2.64740968    
  0.649999678      -2.52737689    
  0.659999669      -2.40416217    
  0.669999659      -2.27786851    
  0.679999650      -2.14861131    
  0.689999640      -2.01651573    
  0.699999630      -1.88171947    
  0.709999621      -1.74436975    
  0.719999611      -1.60462439    
  0.729999602      -1.46265101    
  0.739999592      -1.31862605    
  0.749999583      -1.17273462    
  0.759999573      -1.02516997    
  0.769999564     -0.876132011    
  0.779999554     -0.725827157    
  0.789999545     -0.574467480    
  0.799999535     -0.422269344    
  0.809999526     -0.269452989    
  0.819999516     -0.116241261    
  0.829999506       3.71412560E-02
  0.839999497      0.190469205    
  0.849999487      0.343517423    
  0.859999478      0.496062070    
  0.869999468      0.647881508    
  0.879999459      0.798757076    
  0.889999449      0.948474586    
  0.899999440       1.09682453    
  0.909999430       1.24360371    
  0.919999421       1.38861501    
  0.929999411       1.53166938    
  0.939999402       1.67258561    
  0.949999392       1.81119144    
  0.959999382       1.94732416    
  0.969999373       2.08083057    
  0.979999363       2.21156859    
  0.989999354       2.33940601    
  0.999999344       2.46422267    
   1.00999939       2.58590913    
   1.01999938       2.70436740    
   1.02999938       2.81951141    
   1.03999937       2.93126631    
   1.04999936       3.03956914    
   1.05999935       3.14436793    
   1.06999934       3.24562216    
   1.07999933       3.34330297    
   1.08999932       3.43739128    
   1.09999931       3.52787924    
   1.10999930       3.61476851    
   1.11999929       3.69807100    
   1.12999928       3.77780771    
   1.13999927       3.85400772    
   1.14999926       3.92670965    
   1.15999925       3.99595952    
   1.16999924       4.06180954    
   1.17999923       4.12432098    
   1.18999922       4.18355799    
   1.19999921       4.23959446    
   1.20999920       4.29250622    
   1.21999919       4.34237480    
   1.22999918       4.38928652    
   1.23999918       4.43332958    
   1.24999917       4.47459698    
   1.25999916       4.51318407    
   1.26999915       4.54918671    
   1.27999914       4.58270550    
   1.28999913       4.61383915    
   1.29999912       4.64268875    
   1.30999911       4.66935539    
   1.31999910       4.69394112    
   1.32999909       4.71654701    
   1.33999908       4.73727274    
   1.34999907       4.75621891    
   1.35999906       4.77348328    
   1.36999905       4.78916311    
   1.37999904       4.80335379    
   1.38999903       4.81614923    
   1.39999902       4.82764006    
   1.40999901       4.83791542    
   1.41999900       4.84706211    
   1.42999899       4.85516357    
   1.43999898       4.86230183    
   1.44999897       4.86855459    
   1.45999897       4.87399769    
   1.46999896       4.87870312    
   1.47999895       4.88274050    
   1.48999894       4.88617516    
   1.49999893       4.88907099    
   1.50999892       4.89148617    
   1.51999891       4.89347744    
   1.52999890       4.89509773    
   1.53999889       4.89639568    
   1.54999888       4.89741659    
   1.55999887       4.89820433    
   1.56999886       4.89879608    
   1.57999885       4.89922810    
   1.58999884       4.89953184    
   1.59999883       4.89973593    
   1.60999882       4.89986467    
   1.61999881       4.89993954    
   1.62999880       4.89997768    
   1.63999879       4.89999437    
   1.64999878       4.89999914    
   1.65999877       4.90000010    
   1.66999876       4.90000010    
   1.67999876       4.89999962    
   1.68999875       4.89999437    
   1.69999874       4.89997864    
   1.70999873       4.89994097    
   1.71999872       4.89986801    
   1.72999871       4.89974117    
   1.73999870       4.89953995    
   1.74999869       4.89924002    
   1.75999868       4.89881277    
   1.76999867       4.89822626    
   1.77999866       4.89744616    
   1.78999865       4.89643288    
   1.79999864       4.89514446    
   1.80999863       4.89353609    
   1.81999862       4.89155769    
   1.82999861       4.88915682    
   1.83999860       4.88627815    
   1.84999859       4.88286161    
   1.85999858       4.87884521    
   1.86999857       4.87416267    
   1.87999856       4.86874485    
   1.88999856       4.86251926    
   1.89999855       4.85541153    
   1.90999854       4.84734249    
   1.91999853       4.83823156    
   1.92999852       4.82799482    
   1.93999851       4.81654501    
   1.94999850       4.80379391    
   1.95999849       4.78965044    
   1.96999848       4.77402067    
   1.97999847       4.75680923    
   1.98999846       4.73791981    
   1.99999845       4.71725368    
   2.00999856       4.69471169    
   2.01999855       4.67019224    
   2.02999854       4.64359522    
   2.03999853       4.61481905    
   2.04999852       4.58376217    
   2.05999851       4.55032396    
   2.06999850       4.51440382    
   2.07999849       4.47590351    
   2.08999848       4.43472624    
   2.09999847       4.39077568    
   2.10999846       4.34396029    
   2.11999846       4.29419088    
   2.12999845       4.24138069    
   2.13999844       4.18544912    
   2.14999843       4.12631845    
   2.15999842       4.06391621    
   2.16999841       3.99817705    
   2.17999840       3.92904067    
   2.18999839       3.85645342    
   2.19999838       3.78036928    
   2.20999837       3.70075011    
   2.21999836       3.61756563    
   2.22999835       3.53079486    
   2.23999834       3.44042611    
   2.24999833       3.34645653    
   2.25999832       3.24889445    
   2.26999831       3.14775825    
   2.27999830       3.04307580    
   2.28999829       2.93488860    
   2.29999828       2.82324696    
   2.30999827       2.70821428    
   2.31999826       2.58986402    
   2.32999825       2.46828294    
   2.33999825       2.34356809    
   2.34999824       2.21582842    
   2.35999823       2.08518410    
   2.36999822       1.95176685    
   2.37999821       1.81571841    
   2.38999820       1.67719162    
   2.39999819       1.53634870    
   2.40999818       1.39336181    
   2.41999817       1.24841177    
   2.42999816       1.10168779    
   2.43999815      0.953386009    
   2.44999814      0.803710043    
   2.45999813      0.652868927    
   2.46999812      0.501076877    
   2.47999811      0.348552257    
   2.48999810      0.195516780    
   2.49999809       4.21941839E-02
   2.50999808     -0.111190408    
   2.51999807     -0.264411658    
   2.52999806     -0.417244881    
   2.53999805     -0.569467127    
   2.54999804     -0.720858157    
   2.55999804     -0.871201277    
   2.56999803      -1.02028441    
   2.57999802      -1.16790104    
   2.58999801      -1.31385088    
   2.59999800      -1.45794058    
   2.60999799      -1.59998465    
   2.61999798      -1.73980618    
   2.62999797      -1.87723756    
   2.63999796      -2.01212049    
   2.64999795      -2.14430690    
   2.65999794      -2.27365994    
   2.66999793      -2.40005302    
   2.67999792      -2.52337098    
   2.68999791      -2.64350939    
   2.69999790      -2.76037693    
   2.70999789      -2.87389255    
   2.71999788      -2.98398709    
   2.72999787      -3.09060311    
   2.73999786      -3.19369459    
   2.74999785      -3.29322624    
   2.75999784      -3.38917351    
   2.76999784      -3.48152375    
   2.77999783      -3.57027268    
   2.78999782      -3.65542817    
   2.79999781      -3.73700523    
   2.80999780      -3.81502986    
   2.81999779      -3.88953543    
   2.82999778      -3.96056390    
   2.83999777      -4.02816486    
   2.84999776      -4.09239435    
   2.85999775      -4.15331602    
   2.86999774      -4.21099854    
   2.87999773      -4.26551628    
   2.88999772      -4.31694841    
   2.89999771      -4.36537790    
   2.90999770      -4.41089344    
   2.91999769      -4.45358515    
   2.92999768      -4.49354649    
   2.93999767      -4.53087425    
   2.94999766      -4.56566572    
   2.95999765      -4.59802055    
   2.96999764      -4.62803888    
   2.97999763      -4.65582228    
   2.98999763      -4.68147230    
   2.99999762      -4.70508957    
   3.00999761      -4.72677565    
   3.01999760      -4.74663019    
   3.02999759      -4.76475239    
   3.03999758      -4.78124046    
   3.04999757      -4.79618979    
   3.05999756      -4.80969572    
   3.06999755      -4.82185030    
   3.07999754      -4.83274317    
   3.08999753      -4.84246349    
   3.09999752      -4.85109520    
   3.10999751      -4.85872221    
   3.11999750      -4.86542320    
   3.12999749      -4.87127638    
   3.13999748      -4.87635469    
   3.14999747      -4.88072968    
   3.15999746      -4.88446808    
   3.16999745      -4.88763523    
   3.17999744      -4.89029169    
   3.18999743      -4.89249611    
   3.19999743      -4.89430189    
   3.20999742      -4.89576054    
   3.21999741      -4.89691973    
   3.22999740      -4.89782286    
   3.23999739      -4.89851141    
   3.24999738      -4.89902210    
   3.25999737      -4.89938879    
   3.26999736      -4.89964104    
   3.27999735      -4.89980602    
   3.28999734      -4.89990616    
   3.29999733      -4.89996147    
   3.30999732      -4.89998770    
   3.31999731      -4.89999771    
   3.32999730      -4.89999962    
   3.33999729      -4.90000010    
   3.34999728      -4.90000010    
   3.35999727      -4.89999819    
   3.36999726      -4.89998865    
   3.37999725      -4.89996386    
   3.38999724      -4.89991093    
   3.39999723      -4.89981413    
   3.40999722      -4.89965439    
   3.41999722      -4.89940882    
   3.42999721      -4.89905071    
   3.43999720      -4.89855099    
   3.44999719      -4.89787531    
   3.45999718      -4.89698744    
   3.46999717      -4.89584684    
   3.47999716      -4.89440966    
   3.48999715      -4.89262819    
   3.49999714      -4.89045238    
   3.50999713      -4.88782787    
   3.51999712      -4.88469648    
   3.52999711      -4.88099813    
   3.53999710      -4.87666798    
   3.54999709      -4.87163830    
   3.55999708      -4.86583948    
   3.56999707      -4.85919666    
   3.57999706      -4.85163403    
   3.58999705      -4.84307194    
   3.59999704      -4.83342695    
   3.60999703      -4.82261419    
   3.61999702      -4.81054640    
   3.62999701      -4.79713345    
   3.63999701      -4.78228283    
   3.64999700      -4.76590014    
   3.65999699      -4.74788952    
   3.66999698      -4.72815275    
   3.67999697      -4.70659161    
   3.68999696      -4.68310595    
   3.69999695      -4.65759420    
   3.70999694      -4.62995577    
   3.71999693      -4.60008907    
   3.72999692      -4.56789255    
   3.73999691      -4.53326607    
   3.74999690      -4.49611044    
   3.75999689      -4.45632648    
   3.76999688      -4.41381884    
   3.77999687      -4.36849356    
   3.78999686      -4.32025957    
   3.79999685      -4.26902914    
   3.80999684      -4.21471834    
   3.81999683      -4.15724754    
   3.82999682      -4.09654236    
   3.83999681      -4.03253317    
   3.84999681      -3.96515656    
   3.85999680      -3.89435625    
   3.86999679      -3.82008147    
   3.87999678      -3.74229050    
   3.88999677      -3.66094875    
   3.89999676      -3.57603025    
   3.90999675      -3.48751831    
   3.91999674      -3.39540601    
   3.92999673      -3.29969525    
   3.93999672      -3.20039964    
   3.94999671      -3.09754181    
   3.95999670      -2.99115634    
   3.96999669      -2.88128924    
   3.97999668      -2.76799679    
   3.98999667      -2.65134764    
   3.99999666      -2.53142142    
   4.00999689      -2.40830946    
   4.01999712      -2.28211546    
   4.02999735      -2.15295315    
   4.03999758      -2.02094865    
   4.04999781      -1.88623846    
   4.05999804      -1.74896979    
   4.06999826      -1.60930002    
   4.07999849      -1.46739638    
   4.08999872      -1.32343507    
   4.09999895      -1.17760110    
   4.10999918      -1.03008735    
   4.11999941     -0.881093502    
   4.12999964     -0.730825901    
   4.13999987     -0.579496264    
   4.15000010     -0.427320987    
   4.16000032     -0.274520099    
   4.17000055     -0.121316411    
   4.18000078       3.20655145E-02
   4.19000101      0.185400307    
   4.20000124      0.338462859    
   4.21000147      0.491029143    
   4.22000170      0.642877460    
   4.23000193      0.793789148    
   4.24000216      0.943549633    
   4.25000238       1.09194946    
   4.26000261       1.23878491    
   4.27000284       1.38385892    
   4.28000307       1.52698195    
   4.29000330       1.66797280    
   4.30000353       1.80665851    
   4.31000376       1.94287610    
   4.32000399       2.07647252    
   4.33000422       2.20730495    
   4.34000444       2.33524108    
   4.35000467       2.46016002    
   4.36000490       2.58195233    
   4.37000513       2.70051932    
   4.38000536       2.81577444    
   4.39000559       2.92764306    
   4.40000582       3.03606081    
   4.41000605       3.14097619    
   4.42000628       3.24234843    
   4.43000650       3.34014750    
   4.44000673       3.43435478    
   4.45000696       3.52496123    
   4.46000719       3.61196947    
   4.47000742       3.69538975    
   4.48000765       3.77524352    
   4.49000788       3.85155964    
   4.50000811       3.92437649    
   4.51000834       3.99373865    
   4.52000856       4.05970001    
   4.53000879       4.12231970    
   4.54000902       4.18166447    
   4.55000925       4.23780441    
   4.56000948       4.29081726    
   4.57000971       4.34078455    
   4.58000994       4.38779163    
   4.59001017       4.43192816    
   4.60001040       4.47328520    
   4.61001062       4.51195860    
   4.62001085       4.54804564    
   4.63001108       4.58164406    
   4.64001131       4.61285448    
   4.65001154       4.64177799    
   4.66001177       4.66851473    
   4.67001200       4.69316721    
   4.68001223       4.71583652    
   4.69001245       4.73662281    
   4.70001268       4.75562572    
   4.71001291       4.77294397    
   4.72001314       4.78867483    
   4.73001337       4.80291319    
   4.74001360       4.81575251    
   4.75001383       4.82728481    
   4.76001406       4.83759880    
   4.77001429       4.84678078    
   4.78001451       4.85491562    
   4.79001474       4.86208391    
   4.80001497       4.86836481    
   4.81001520       4.87383318    
   4.82001543       4.87856150    
   4.83001566       4.88261938    
   4.84001589       4.88607311    
   4.85001612       4.88898516    
   4.86001635       4.89141560    
   4.87001657       4.89341974    
   4.88001680       4.89505100    
   4.89001703       4.89635849    
   4.90001726       4.89738798    
   4.91001749       4.89818239    
   4.92001772       4.89878035    
   4.93001795       4.89921665    
   4.94001818       4.89952421    
   4.95001841       4.89973068    
   4.96001863       4.89986181    
   4.97001886       4.89993763    
   4.98001909       4.89997721    
   4.99001932       4.89999390    
   5.00001955       4.89999914    
   5.01001978       4.90000010    
   5.02002001       4.90000010    
   5.03002024       4.89999962    
   5.04002047       4.89999485    
   5.05002069       4.89997959    
   5.06002092       4.89994335    
   5.07002115       4.89987135    
   5.08002138       4.89974689    
   5.09002161       4.89954901    
   5.10002184       4.89925241    
   5.11002207       4.89882994    
   5.12002230       4.89824963    
   5.13002253       4.89747715    
   5.14002275       4.89647245    
   5.15002298       4.89519453    
   5.16002321       4.89359760    
   5.17002344       4.89163256    
   5.18002367       4.88924742    
   5.19002390       4.88638544    
   5.20002413       4.88298845    
   5.21002436       4.87899351    
   5.22002459       4.87433481    
   5.23002481       4.86894321    
   5.24002504       4.86274672    
   5.25002527       4.85566998    
   5.26002550       4.84763479    
   5.27002573       4.83856106    
   5.28002596       4.82836342    
   5.29002619       4.81695652    
   5.30002642       4.80425119    
   5.31002665       4.79015636    
   5.32002687       4.77457857    
   5.33002710       4.75742292    
   5.34002733       4.73859215    
   5.35002756       4.71798801    
   5.36002779       4.69551134    
   5.37002802       4.67106056    
   5.38002825       4.64453554    
   5.39002848       4.61583519    
   5.40002871       4.58485746    
   5.41002893       4.55150127    
   5.42002916       4.51566696    
   5.43002939       4.47725582    
   5.44002962       4.43617058    
   5.45002985       4.39231539    
   5.46003008       4.34559917    
   5.47003031       4.29593039    
   5.48003054       4.24322462    
   5.49003077       4.18740034    
   5.50003099       4.12837887    
   5.51003122       4.06608868    
   5.52003145       4.00046349    
   5.53003168       3.93144250    
   5.54003191       3.85897279    
   5.55003214       3.78300762    
   5.56003237       3.70350814    
   5.57003260       3.62044454    
   5.58003283       3.53379536    
   5.59003305       3.44354796    
   5.60003328       3.34969997    
   5.61003351       3.25225902    
   5.62003374       3.15124249    
   5.63003397       3.04667950    
   5.64003420       2.93860960    
   5.65003443       2.82708383    
   5.66003466       2.71216416    
   5.67003489       2.59392500    
   5.68003511       2.47245145    
   5.69003534       2.34784079    
   5.70003557       2.22020149    
   5.71003580       2.08965325    
   5.72003603       1.95632732    
   5.73003626       1.82036543    
   5.74003649       1.68191981    
   5.75003672       1.54115248    
   5.76003695       1.39823520    
   5.77003717       1.25334835    
   5.78003740       1.10668099    
   5.79003763      0.958429158    
   5.80003786      0.808796048    
   5.81003809      0.657990694    
   5.82003832      0.506227016    
   5.83003855      0.353723466    
   5.84003878      0.200701401    
   5.85003901       4.73846644E-02
   5.86003923     -0.106001720    
   5.87003946     -0.259232342    
   5.88003969     -0.412082553    
   5.89003992     -0.564329386    
   5.90004015     -0.715752363    
   5.91004038     -0.866134822    
   5.92004061      -1.01526451    
   5.93004084      -1.16293454    
   5.94004107      -1.30894423    
   5.95004129      -1.45310032    
   5.96004152      -1.59521687    
   5.97004175      -1.73511672    
   5.98004198      -1.87263203    
   5.99004221      -2.00760388    
   6.00004244      -2.13988423    
   6.01004267      -2.26933575    
   6.02004290      -2.39583111    
   6.03004313      -2.51925492    
   6.04004335      -2.63950300    
   6.05004358      -2.75648284    
   6.06004381      -2.87011337    
   6.07004404      -2.98032498    
   6.08004427      -3.08705997    
   6.09004450      -3.19027138    
   6.10004473      -3.28992367    
   6.11004496      -3.38599324    
   6.12004519      -3.47846484    
   6.13004541      -3.56733584    
   6.14004564      -3.65261269    
   6.15004587      -3.73431039    
   6.16004610      -3.81245470    
   6.17004633      -3.88707900    
   6.18004656      -3.95822477    
   6.19004679      -4.02594090    
   6.20004702      -4.09028435    
   6.21004725      -4.15131664    
   6.22004747      -4.20910788    
   6.23004770      -4.26373148    
   6.24004793      -4.31526661    
   6.25004816      -4.36379671    
   6.26004839      -4.40940905    
   6.27004862      -4.45219421    
   6.28004885      -4.49224615    
   6.29004908      -4.52966118    
   6.30004930      -4.56453609    
   6.31004953      -4.59697104    
   6.32004976      -4.62706709    
   6.33004999      -4.65492392    
   6.34005022      -4.68064451    
   6.35005045      -4.70432854    
   6.36005068      -4.72607803    
   6.37005091      -4.74599266    
   6.38005114      -4.76417208    
   6.39005136      -4.78071308    
   6.40005159      -4.79571342    
   6.41005182      -4.80926609    
   6.42005205      -4.82146454    
   6.43005228      -4.83239889    
   6.44005251      -4.84215689    
   6.45005274      -4.85082436    
   6.46005297      -4.85848379    
   6.47005320      -4.86521482    
   6.48005342      -4.87109470    
   6.49005365      -4.87619829    
   6.50005388      -4.88059521    
   6.51005411      -4.88435411    
   6.52005434      -4.88753939    
   6.53005457      -4.89021206    
   6.54005480      -4.89243031    
   6.55005503      -4.89424849    
   6.56005526      -4.89571810    
   6.57005548      -4.89688635    
   6.58005571      -4.89779758    
   6.59005594      -4.89849234    
   6.60005617      -4.89900827    
   6.61005640      -4.89937878    
   6.62005663      -4.89963436    
   6.63005686      -4.89980173    
   6.64005709      -4.89990377    
   6.65005732      -4.89996052    
   6.66005754      -4.89998722    
   6.67005777      -4.89999723    
   6.68005800      -4.89999962    
   6.69005823      -4.90000010    
   6.70005846      -4.90000010    
   6.71005869      -4.89999819    
   6.72005892      -4.89998913    
   6.73005915      -4.89996529    
   6.74005938      -4.89991379    
   6.75005960      -4.89981890    
   6.76005983      -4.89966154    
   6.77006006      -4.89941931    
   6.78006029      -4.89906597    
   6.79006052      -4.89857149    
   6.80006075      -4.89790297    
   6.81006098      -4.89702320    
   6.82006121      -4.89589214    
   6.83006144      -4.89446592    
   6.84006166      -4.89269781    
   6.85006189      -4.89053631    
   6.86006212      -4.88792849    
   6.87006235      -4.88481569    
   6.88006258      -4.88113785    
   6.89006281      -4.87683058    
   6.90006304      -4.87182665    
   6.91006327      -4.86605549    
   6.92006350      -4.85944366    
   6.93006372      -4.85191441    
   6.94006395      -4.84338760    
   6.95006418      -4.83378172    
   6.96006441      -4.82301092    
   6.97006464      -4.81098795    
   6.98006487      -4.79762316    
   6.99006510      -4.78282356    
   7.00006533      -4.76649570    
   7.01006556      -4.74854279    
   7.02006578      -4.72886753    
   7.03006601      -4.70737123    
   7.04006624      -4.68395329    
   7.05006647      -4.65851355    
   7.06006670      -4.63094997    
   7.07006693      -4.60116196    
   7.08006716      -4.56904697    
   7.09006739      -4.53450584    
   7.10006762      -4.49743891    
   7.11006784      -4.45774746    
   7.12006807      -4.41533518    
   7.13006830      -4.37010813    
   7.14006853      -4.32197618    
   7.15006876      -4.27085018    
   7.16006899      -4.21664667    
   7.17006922      -4.15928555    
   7.18006945      -4.09869289    
   7.19006968      -4.03479862    
   7.20006990      -3.96753907    
   7.21007013      -3.89685726    
   7.22007036      -3.82270312    
   7.23007059      -3.74503374    
   7.24007082      -3.66381502    
   7.25007105      -3.57902026    
   7.26007128      -3.49063253    
   7.27007151      -3.39864421    
   7.28007174      -3.30305767    
   7.29007196      -3.20388508    
   7.30007219      -3.10114956    
   7.31007242      -2.99488521    
   7.32007265      -2.88513708    
   7.33007288      -2.77196169    
   7.34007311      -2.65542650    
   7.35007334      -2.53561163    
   7.36007357      -2.41260791    
   7.37007380      -2.28651786    
   7.38007402      -2.15745592    
   7.39007425      -2.02554703    
   7.40007448      -1.89092767    
   7.41007471      -1.75374448    
   7.42007494      -1.61415458    
   7.43007517      -1.47232485    
   7.44007540      -1.32843137    
   7.45007563      -1.18265879    
   7.46007586      -1.03519940    
   7.47007608     -0.886253059    
   7.48007631     -0.736025751    
   7.49007654     -0.584729016    
   7.50007677     -0.432579100    
   7.51007700     -0.279795915    
   7.52007723     -0.126602232    
   7.53007746       2.67774500E-02
   7.54007769      0.180117771    
   7.55007792      0.333193570    
   7.56007814      0.485780835    
   7.57007837      0.637657762    
   7.58007860      0.788605630    
   7.59007883      0.938409567    
   7.60007906       1.08685994    
   7.61007929       1.23375285    
   7.62007952       1.37889099    
   7.63007975       1.52208447    
   7.64007998       1.66315186    
   7.65008020       1.80191994    
   7.66008043       1.93822551    
   7.67008066       2.07191467    
   7.68008089       2.20284462    
   7.69008112       2.33088279    
   7.70008135       2.45590734    
   7.71008158       2.57780886    
   7.72008181       2.69648838    
   7.73008204       2.81185889    
   7.74008226       2.92384505    
   7.75008249       3.03238249    
   7.76008272       3.13741970    
   7.77008295       3.23891449    
   7.78008318       3.33683729    
   7.79008341       3.43116856    
   7.80008364       3.52189970    
   7.81008387       3.60903168    
   7.82008410       3.69257545    
   7.83008432       3.77255201    
   7.84008455       3.84898973    
   7.85008478       3.92192626    
   7.86008501       3.99140716    
   7.87008524       4.05748510    
   7.88008547       4.12021923    
   7.89008570       4.17967558    
   7.90008593       4.23592520    
   7.91008615       4.28904533    
   7.92008638       4.33911657    
   7.93008661       4.38622475    
   7.94008684       4.43045855    
   7.95008707       4.47191048    
   7.96008730       4.51067495    
   7.97008753       4.54684925    
   7.98008776       4.58053255    
   7.99008799       4.61182404    
   8.00008774       4.64082432    
   8.01008797       4.66763496    
   8.02008820       4.69235802    
   8.03008842       4.71509361    
   8.04008865       4.73594332    
   8.05008888       4.75500631    
   8.06008911       4.77238083    
   8.07008934       4.78816462    
   8.08008957       4.80245256    
   8.09008980       4.81533861    
   8.10009003       4.82691383    
   8.11009026       4.83726835    
   8.12009048       4.84648800    
   8.13009071       4.85465717    
   8.14009094       4.86185694    
   8.15009117       4.86816692    
   8.16009140       4.87366152    
   8.17009163       4.87841415    
   8.18009186       4.88249397    
   8.19009209       4.88596725    
   8.20009232       4.88889694    
   8.21009254       4.89134216    
   8.22009277       4.89336014    
   8.23009300       4.89500284    
   8.24009323       4.89632034    
   8.25009346       4.89735889    
   8.26009369       4.89815998    
   8.27009392       4.89876366    
   8.28009415       4.89920521    
   8.29009438       4.89951611    
   8.30009460       4.89972591    
   8.31009483       4.89985847    
   8.32009506       4.89993620    
   8.33009529       4.89997625    
   8.34009552       4.89999390    
   8.35009575       4.89999914    
   8.36009598       4.90000010    
   8.37009621       4.90000010    
   8.38009644       4.89999962    
   8.39009666       4.89999533    
   8.40009689       4.89998055    
   8.41009712       4.89994526    
   8.42009735       4.89987516    
   8.43009758       4.89975309    
   8.44009781       4.89955807    
   8.45009804       4.89926624    
   8.46009827       4.89884901    
   8.47009850       4.89827538    
   8.48009872       4.89751005    
   8.49009895       4.89651442    
   8.50009918       4.89524746    
   8.51009941       4.89366341    
   8.52009964       4.89171267    
   8.53009987       4.88934326    
   8.54010010       4.88649988    
   8.55010033       4.88312340    
   8.56010056       4.87915134    
   8.57010078       4.87451744    
   8.58010101       4.86915350    
   8.59010124       4.86298704    
   8.60010147       4.85594368    
   8.61010170       4.84794474    
   8.62010193       4.83890915    
   8.63010216       4.82875347    
   8.64010239       4.81739140    
   8.65010262       4.80473423    
   8.66010284       4.79069042    
   8.67010307       4.77516699    
   8.68010330       4.75806904    
   8.69010353       4.73929977    
   8.70010376       4.71876001    
   8.71010399       4.69635105    
   8.72010422       4.67197227    
   8.73010445       4.64552307    
   8.74010468       4.61690092    
   8.75010490       4.58600521    
   8.76010513       4.55273485    
   8.77010536       4.51698971    
   8.78010559       4.47867107    
   8.79010582       4.43768167    
   8.80010605       4.39392567    
   8.81010628       4.34731102    
   8.82010651       4.29774809    
   8.83010674       4.24515057    
   8.84010696       4.18943644    
   8.85010719       4.13052845    
   8.86010742       4.06835413    
   8.87010765       4.00284719    
   8.88010788       3.93394613    
   8.89010811       3.86159778    
   8.90010834       3.78575563    
   8.91010857       3.70638037    
   8.92010880       3.62344193    
   8.93010902       3.53691840    
   8.94010925       3.44679689    
   8.95010948       3.35307455    
   8.96010971       3.25575829    
   8.97010994       3.15486574    
   8.98011017       3.05042553    
   8.99011040       2.94247651    
   9.00011063       2.83106947    
   9.01011086       2.71626616    
   9.02011108       2.59814024    
   9.03011131       2.47677660    
   9.04011154       2.35227227    
   9.05011177       2.22473526    
   9.06011200       2.09428501    
   9.07011223       1.96105218    
   9.08011246       1.82517815    
   9.09011269       1.68681479    
   9.10011292       1.54612386    
   9.11011314       1.40327692    
   9.12011337       1.25845397    
   9.13011360       1.11184347    
   9.14011383      0.963641584    
   9.15011406      0.814051270    
   9.16011429      0.663281202    
   9.17011452      0.511545300    
   9.18011475      0.359061778    
   9.19011497      0.206051975    
   9.20011520       5.27396165E-02
   9.21011543     -0.100650229    
   9.22011566     -0.253892213    
   9.23011589     -0.406761557    
   9.24011612     -0.559035122    
   9.25011635     -0.710492492    
   9.26011658     -0.860916674    
   9.27011681      -1.01009524    
   9.28011703      -1.15782130    
   9.29011726      -1.30389392    
   9.30011749      -1.44811928    
   9.31011772      -1.59031153    
   9.32011795      -1.73029315    
   9.33011818      -1.86789560    
   9.34011841      -2.00296021    
   9.35011864      -2.13533831    
   9.36011887      -2.26489162    
   9.37011909      -2.39149308    
   9.38011932      -2.51502728    
   9.39011955      -2.63538861    
   9.40011978      -2.75248504    
   9.41012001      -2.86623454    
   9.42012024      -2.97656727    
   9.43012047      -3.08342481    
   9.44012070      -3.18676043    
   9.45012093      -3.28653812    
   9.46012115      -3.38273311    
   9.47012138      -3.47533107    
   9.48012161      -3.56432796    
   9.49012184      -3.64972997    
   9.50012207      -3.73155236    
   9.51012230      -3.80982041    
   9.52012253      -3.88456655    
   9.53012276      -3.95583272    
   9.54012299      -4.02366734    
   9.55012321      -4.08812618    
   9.56012344      -4.14927340    
   9.57012367      -4.20717573    
   9.58012390      -4.26190758    
   9.59012413      -4.31354904    
   9.60012436      -4.36218214    
   9.61012459      -4.40789413    
   9.62012482      -4.45077610    
   9.63012505      -4.49092150    
   9.64012527      -4.52842569    
   9.65012550      -4.56338739    
   9.66012573      -4.59590530    
   9.67012596      -4.62608004    
   9.68012619      -4.65401268    
   9.69012642      -4.67980480    
   9.70012665      -4.70355797    
   9.71012688      -4.72537184    
   9.72012711      -4.74534798    
   9.73012733      -4.76358509    
   9.74012756      -4.78018093    
   9.75012779      -4.79523182    
   9.76012802      -4.80883265    
   9.77012825      -4.82107544    
   9.78012848      -4.83205128    
   9.79012871      -4.84184790    
   9.80012894      -4.85055113    
   9.81012917      -4.85824299    
   9.82012939      -4.86500406    
   9.83012962      -4.87091208    
   9.84012985      -4.87604046    
   9.85013008      -4.88046026    
   9.86013031      -4.88423967    
   9.87013054      -4.88744307    
   9.88013077      -4.89013195    
   9.89013100      -4.89236450    
   9.90013123      -4.89419556    
   9.91013145      -4.89567566    
   9.92013168      -4.89685297    
   9.93013191      -4.89777184    
   9.94013214      -4.89847326    
   9.95013237      -4.89899445    
   9.96013260      -4.89936972    
   9.97013283      -4.89962816    
   9.98013306      -4.89979792    
   9.99013329      -4.89990187    
   10.0001335      -4.89995909    
   10.0101337      -4.89998674    
   10.0201340      -4.89999723    
   10.0301342      -4.89999962    
   10.0401344      -4.90000010    
   10.0501347      -4.90000010    
   10.0601349      -4.89999819    
   10.0701351      -4.89999008    
   10.0801353      -4.89996672    
   10.0901356      -4.89991665    
   10.1001358      -4.89982367    
   10.1101360      -4.89966965    
   10.1201363      -4.89943075    
   10.1301365      -4.89908218    
   10.1401367      -4.89859343    
   10.1501369      -4.89793158    
   10.1601372      -4.89706039    
   10.1701374      -4.89593935    
   10.1801376      -4.89452457    
   10.1901379      -4.89276981    
   10.2001381      -4.89062357    
   10.2101383      -4.88803291    
   10.2201385      -4.88493919    
   10.2301388      -4.88128281    
   10.2401390      -4.87699938    
   10.2501392      -4.87202168    
   10.2601395      -4.86627960    
   10.2701397      -4.85969877    
   10.2801399      -4.85220337    
   10.2901402      -4.84371328    
   10.3001404      -4.83414745    
   10.3101406      -4.82341957    
   10.3201408      -4.81144333    
   10.3301411      -4.79812765    
   10.3401413      -4.78338051    
   10.3501415      -4.76710844    
   10.3601418      -4.74921513    
   10.3701420      -4.72960281    
   10.3801422      -4.70817280    
   10.3901424      -4.68482447    
   10.4001427      -4.65945816    
   10.4101429      -4.63197136    
   10.4201431      -4.60226297    
   10.4301434      -4.57023239    
   10.4401436      -4.53577900    
   10.4501438      -4.49880219    
   10.4601440      -4.45920467    
   10.4701443      -4.41689014    
   10.4801445      -4.37176371    
   10.4901447      -4.32373524    
   10.5001450      -4.27271605    
   10.5101452      -4.21862221    
   10.5201454      -4.16137409    
   10.5301456      -4.10089636    
   10.5401459      -4.03711891    
   10.5501461      -3.96997881    
   10.5601463      -3.89941788    
   10.5701466      -3.82538605    
   10.5801468      -3.74784064    
   10.5901470      -3.66674638    
   10.6001472      -3.58207703    
   10.6101475      -3.49381518    
   10.6201477      -3.40195227    
   10.6301479      -3.30649114    
   10.6401482      -3.20744324    
   10.6501484      -3.10483146    
   10.6601486      -2.99868941    
   10.6701488      -2.88906145    
   10.6801491      -2.77600408    
   10.6901493      -2.65958452    
   10.7001495      -2.53988242    
   10.7101498      -2.41698766    
   10.7201500      -2.29100323    
   10.7301502      -2.16204238    
   10.7401505      -2.03022981    
   10.7501507      -1.89570189    
   10.7601509      -1.75860488    
   10.7701511      -1.61909521    
   10.7801514      -1.47733986    
   10.7901516      -1.33351433    
   10.8001518      -1.18780303    
   10.8101521      -1.04039812    
   10.8201523     -0.891499043    
   10.8301525     -0.741311669    
   10.8401527     -0.590047359    
   10.8501530     -0.437922239    
   10.8601532     -0.285156101    
   10.8701534     -0.131971613    
   10.8801537       2.14067567E-02
   10.8901539      0.174753651    
   10.9001541      0.327843934    
   10.9101543      0.480453432    
   10.9201546      0.632360280    
   10.9301548      0.783345580    
   10.9401550      0.933194399    
   10.9501553       1.08169687    
   10.9601555       1.22864878    
   10.9701557       1.37385249    
   10.9801559       1.51711833    
   10.9901562       1.65826380    
   11.0001564       1.79711604    
   11.0101566       1.93351138    
   11.0201569       2.06729555    
   11.0301571       2.19832492    
   11.0401573       2.32646704    
   11.0501575       2.45160031    
   11.0601578       2.57361364    
   11.0701580       2.69240808    
   11.0801582       2.80789661    
   11.0901585       2.92000294    
   11.1001587       3.02866292    
   11.1101589       3.13382363    
   11.1201591       3.23544335    
   11.1301594       3.33349204    
   11.1401596       3.42794943    
   11.1501598       3.51880670    
   11.1601601       3.60606456    
   11.1701603       3.68973398    
   11.1801605       3.76983452    
   11.1901608       3.84639573    
   11.2001610       3.91945386    
   11.2101612       3.98905492    
   11.2201614       4.05525064    
   11.2301617       4.11810017    
   11.2401619       4.17766953    
   11.2501621       4.23402929    
   11.2601624       4.28725719    
   11.2701626       4.33743286    
   11.2801628       4.38464260    
   11.2901630       4.42897463    
   11.3001633       4.47052193    
   11.3101635       4.50937796    
   11.3201637       4.54564095    
   11.3301640       4.57940817    
   11.3401642       4.61078119    
   11.3501644       4.63985920    
   11.3601646       4.66674423    
   11.3701649       4.69153786    
   11.3801651       4.71434116    
   11.3901653       4.73525381    
   11.4001656       4.75437689    
   11.4101658       4.77180862    
   11.4201660       4.78764534    
   11.4301662       4.80198336    
   11.4401665       4.81491661    
   11.4501667       4.82653618    
   11.4601669       4.83693123    
   11.4701672       4.84618855    
   11.4801674       4.85439253    
   11.4901676       4.86162472    
   11.5001678       4.86796379    
   11.5101681       4.87348557    
   11.5201683       4.87826252    
   11.5301685       4.88236427    
   11.5401688       4.88585758    
   11.5501690       4.88880444    
   11.5601692       4.89126587    
   11.5701694       4.89329720    
   11.5801697       4.89495230    
   11.5901699       4.89628029    
   11.6001701       4.89732742    
   11.6101704       4.89813614    
   11.6201706       4.89874601    
   11.6301708       4.89919233    
   11.6401711       4.89950752    
   11.6501713       4.89972019    
   11.6601715       4.89985514    
   11.6701717       4.89993429    
   11.6801720       4.89997578    
   11.6901722       4.89999342    
   11.7001724       4.89999914    
   11.7101727       4.90000010    
   11.7201729       4.90000010    
   11.7301731       4.89999962    
   11.7401733       4.89999580    
   11.7501736       4.89998150    
   11.7601738       4.89994717    
   11.7701740       4.89987850    
   11.7801743       4.89975834    
   11.7901745       4.89956665    
   11.8001747       4.89927864    
   11.8101749       4.89886618    
   11.8201752       4.89829826    
   11.8301754       4.89754057    
   11.8401756       4.89655352    
   11.8501759       4.89529705    
   11.8601761       4.89372444    
   11.8701763       4.89178705    
   11.8801765       4.88943338    
   11.8901768       4.88660765    
   11.9001770       4.88325024    
   11.9101772       4.87929964    
   11.9201775       4.87468958    
   11.9301777       4.86935234    
   11.9401779       4.86321497    
   11.9501781       4.85620213    
   11.9601784       4.84823704    
   11.9701786       4.83923864    
   11.9801788       4.82912302    
   11.9901791       4.81780338    
   12.0001793       4.80519199    
   12.0101795       4.79119730    
   12.0201797       4.77572632    
   12.0301800       4.75868416    
   12.0401802       4.73997355    
   12.0501804       4.71949625    
   12.0601807       4.69715357    
   12.0701809       4.67284393    
   12.0801811       4.64646721    
   12.0901814       4.61792135    
   12.1001816       4.58710527    
   12.1101818       4.55391788    
   12.1201820       4.51825953    
   12.1301823       4.48003101    
   12.1401825       4.43913460    
   12.1501827       4.39547491    
   12.1601830       4.34895992    
   12.1701832       4.29949999    
   12.1801834       4.24700785    
   12.1901836       4.19140196    
   12.2001839       4.13260508    
   12.2101841       4.07054377    
   12.2201843       4.00515175    
   12.2301846       3.93636823    
   12.2401848       3.86413908    
   12.2501850       3.78841710    
   12.2601852       3.70916343    
   12.2701855       3.62634778    
   12.2801857       3.53994703    
   12.2901859       3.44994879    
   12.3001862       3.35634971    
   12.3101864       3.25915670    
   12.3201866       3.15838623    
   12.3301868       3.05406713    
   12.3401871       2.94623756    
   12.3501873       2.83494806    
   12.3601875       2.72026014    
   12.3701878       2.60224676    
   12.3801880       2.48099256    
   12.3901882       2.35659432    
   12.4001884       2.22915959    
   12.4101887       2.09880710    
   12.4201889       1.96566749    
   12.4301891       1.82988155    
   12.4401894       1.69160092    
   12.4501896       1.55098724    
   12.4601898       1.40821111    
   12.4701900       1.26345289    
   12.4801903       1.11690056    
   12.4901905      0.968750000    
   12.5001907      0.819203913    
   12.5101910      0.668470860    
   12.5201912      0.516764522    
   12.5301914      0.364302963    
   12.5401917      0.211307526    
   12.5501919       5.80018312E-02
   12.5601921      -9.53890979E-02
   12.5701923     -0.248639852    
   12.5801926     -0.401525706    
   12.5901928     -0.553823411    
   12.6001930     -0.705312431    
   12.6101933     -0.855775714    
   12.6201935      -1.00500071    
   12.6301937      -1.15278018    
   12.6401939      -1.29891276    
   12.6501942      -1.44320488    
   12.6601944      -1.58547020    
   12.6701946      -1.72553062    
   12.6801949      -1.86321747    
   12.6901951      -1.99837184    
   12.7001953      -2.13084459    
   12.7101955      -2.26049733    
   12.7201958      -2.38720250    
   12.7301960      -2.51084399    
   12.7401962      -2.63131666    
   12.7501965      -2.74852681    
   12.7601967      -2.86239290    
   12.7701969      -2.97284436    
   12.7801971      -3.07982254    
   12.7901974      -3.18327999    
   12.8001976      -3.28318071    
   12.8101978      -3.37949896    
   12.8201981      -3.47222066    
   12.8301983      -3.56134129    
   12.8401985      -3.64686680    
   12.8501987      -3.72881198    
   12.8601990      -3.80720162    
   12.8701992      -3.88206840    
   12.8801994      -3.95345354    
   12.8901997      -4.02140522    
   12.9001999      -4.08597946    
   12.9102001      -4.14723873    
   12.9202003      -4.20525074    
   12.9302006      -4.26008987    
   12.9402008      -4.31183481    
   12.9502010      -4.36056900    
   12.9602013      -4.40637922    
   12.9702015      -4.44935608    
   12.9802017      -4.48959303    
   12.9902020      -4.52718639    
   13.0002022      -4.56223297    
   13.0102024      -4.59483290    
   13.0202026      -4.62508631    
   13.0302029      -4.65309381    
   13.0402031      -4.67895746    
   13.0502033      -4.70277834    
   13.0602036      -4.72465706    
   13.0702038      -4.74469471    
   13.0802040      -4.76298952    
   13.0902042      -4.77964020    
   13.1002045      -4.79474258    
   13.1102047      -4.80839157    
   13.1202049      -4.82068014    
   13.1302052      -4.83169794    
   13.1402054      -4.84153318    
   13.1502056      -4.85027218    
   13.1602058      -4.85799789    
   13.1702061      -4.86478949    
   13.1802063      -4.87072563    
   13.1902065      -4.87587881    
   13.2002068      -4.88032198    
   13.2102070      -4.88412189    
   13.2202072      -4.88734388    
   13.2302074      -4.89004946    
   13.2402077      -4.89229679    
   13.2502079      -4.89414024    
   13.2602081      -4.89563131    
   13.2702084      -4.89681816    
   13.2802086      -4.89774513    
   13.2902088      -4.89845324    
   13.3002090      -4.89898014    
   13.3102093      -4.89935923    
   13.3202095      -4.89962149    
   13.3302097      -4.89979362    
   13.3402100      -4.89989901    
   13.3502102      -4.89995813    
   13.3602104      -4.89998627    
   13.3702106      -4.89999723    
   13.3802109      -4.89999962    
   13.3902111      -4.90000010    
   13.4002113      -4.90000010    
   13.4102116      -4.89999866    
   13.4202118      -4.89999056    
   13.4302120      -4.89996815    
   13.4402122      -4.89991903    
   13.4502125      -4.89982796    
   13.4602127      -4.89967632    
   13.4702129      -4.89944124    
   13.4802132      -4.89909697    
   13.4902134      -4.89861393    
   13.5002136      -4.89795876    
   13.5102139      -4.89709568    
   13.5202141      -4.89598417    
   13.5302143      -4.89458084    
   13.5402145      -4.89283848    
   13.5502148      -4.89070702    
   13.5602150      -4.88813305    
   13.5702152      -4.88505793    
   13.5802155      -4.88142252    
   13.5902157      -4.87716246    
   13.6002159      -4.87221050    
   13.6102161      -4.86649561    
   13.6202164      -4.85994625    
   13.6302166      -4.85248423    
   13.6402168      -4.84403086    
   13.6502171      -4.83450365    
   13.6602173      -4.82381821    
   13.6702175      -4.81188679    
   13.6802177      -4.79861975    
   13.6902180      -4.78392458    
   13.7002182      -4.76770687    
   13.7102184      -4.74987221    
   13.7202187      -4.73032188    
   13.7302189      -4.70895720    
   13.7402191      -4.68567801    
   13.7502193      -4.66038370    
   13.7602196      -4.63297367    
   13.7702198      -4.60334539    
   13.7802200      -4.57139826    
   13.7902203      -4.53703117    
   13.8002205      -4.50014496    
   13.8102207      -4.46064138    
   13.8202209      -4.41842413    
   13.8302212      -4.37339878    
   13.8402214      -4.32547379    
   13.8502216      -4.27456188    
   13.8602219      -4.22057772    
   13.8702221      -4.16344213    
   13.8802223      -4.10307980    
   13.8902225      -4.03942013    
   13.9002228      -3.97239947    
   13.9102230      -3.90196037    
   13.9202232      -3.82805204    
   13.9302235      -3.75063157    
   13.9402237      -3.66966343    
   13.9502239      -3.58512068    
   13.9602242      -3.49698615    
   13.9702244      -3.40525126    
   13.9802246      -3.30991721    
   13.9902248      -3.21099615    
   14.0002251      -3.10851026    
   14.0102253      -3.00249267    
   14.0202255      -2.89298773    
   14.0302258      -2.78005123    
   14.0402260      -2.66374969    
   14.0502262      -2.54416251    
   14.0602264      -2.42137980    
   14.0702267      -2.29550314    
   14.0802269      -2.16664600    
   14.0902271      -2.03493285    
   14.1002274      -1.90049911    
   14.1102276      -1.76349103    
   14.1202278      -1.62406480    
   14.1302280      -1.48238695    
   14.1402283      -1.33863246    
   14.1502285      -1.19298553    
   14.1602287      -1.04563820    
   14.1702290     -0.896789432    
   14.1802292     -0.746645093    
   14.1902294     -0.595416307    
   14.2002296     -0.443318963    
   14.2102299     -0.290572762    
   14.2202301     -0.137400284    
   14.2302303       1.59740224E-02
   14.2402306      0.169324860    
   14.2502308      0.322427005    
   14.2602310      0.475056320    
   14.2702312      0.626990795    
   14.2802315      0.778011322    
   14.2902317      0.927903056    
   14.3002319       1.07645571    
   14.3102322       1.22346520    
   14.3202324       1.36873364    
   14.3302326       1.51207054    
   14.3402328       1.65329373    
   14.3502331       1.79222953    
   14.3602333       1.92871404    
   14.3702335       2.06259251    
   14.3802338       2.19372129    
   14.3902340       2.32196736    
   14.4002342       2.44720817    
   14.4102345       2.56933308    
   14.4202347       2.68824244    
   14.4302349       2.80384851    
   14.4402351       2.91607499    
   14.4502354       3.02485752    
   14.4602356       3.13014245    
   14.4702358       3.23188782    
   14.4802361       3.33006263    
   14.4902363       3.42464709    
   14.5002365       3.51563168    
   14.5102367       3.60301661    
   14.5202370       3.68681264    
   14.5302372       3.76703930    
   14.5402374       3.84372497    
   14.5502377       3.91690660    
   14.5602379       3.98662925    
   14.5702381       4.05294466    
   14.5802383       4.11591244    
   14.5902386       4.17559671    
   14.6002388       4.23206949    
   14.6102390       4.28540707    
   14.6202393       4.33568954    
   14.6302395       4.38300276    
   14.6402397       4.42743587    
   14.6502399       4.46907997    
   14.6602402       4.50803041    
   14.6702404       4.54438353    
   14.6802406       4.57823753    
   14.6902409       4.60969400    
   14.7002411       4.63885164    
   14.7102413       4.66581297    
   14.7202415       4.69067907    
   14.7302418       4.71355152    
   14.7402420       4.73452997    
   14.7502422       4.75371504    
   14.7602425       4.77120495    
   14.7702427       4.78709745    
   14.7802429       4.80148745    
   14.7902431       4.81446934    
   14.8002434       4.82613420    
   14.8102436       4.83657169    
   14.8202438       4.84586811    
   14.8302441       4.85410881    
   14.8402443       4.86137486    
   14.8502445       4.86774492    
   14.8602448       4.87329483    
   14.8702450       4.87809753    
   14.8802452       4.88222265    
   14.8902454       4.88573694    
   14.9002457       4.88870287    
   14.9102459       4.89118099    
   14.9202461       4.89322758    
   14.9302464       4.89489555    
   14.9402466       4.89623499    
   14.9502468       4.89729166    
   14.9602470       4.89810848    
   14.9702473       4.89872503    
   14.9802475       4.89917755    
   14.9902477       4.89949703    
   15.0002480       4.89971304    
   15.0102482       4.89985037    
   15.0202484       4.89993191    
   15.0302486       4.89997387    
   15.0402489       4.89999294    
   15.0502491       4.89999914    
   15.0602493       4.90000010    
   15.0702496       4.90000010    
   15.0802498       4.89999962    
   15.0902500       4.89999580    
   15.1002502       4.89998198    
   15.1102505       4.89994812    
   15.1202507       4.89988041    
   15.1302509       4.89976263    
   15.1402512       4.89957333    
   15.1502514       4.89928818    
   15.1602516       4.89888048    
   15.1702518       4.89831829    
   15.1802521       4.89756680    
   15.1902523       4.89658833    
   15.2002525       4.89534092    
   15.2102528       4.89377928    
   15.2202530       4.89185476    
   15.2302532       4.88951540    
   15.2402534       4.88670588    
   15.2502537       4.88336754    
   15.2602539       4.87943745    
   15.2702541       4.87485075    
   15.2802544       4.86953831    
   15.2902546       4.86342859    
   15.3002548       4.85644674    
   15.3102551       4.84851503    
   15.3202553       4.83955240    
   15.3302555       4.82947540    
   15.3402557       4.81819820    
   15.3502560       4.80563164    
   15.3602562       4.79168510    
   15.3702564       4.77626514    
   15.3802567       4.75927734    
   15.3902569       4.74062443    
   15.4002571       4.72020912    
   15.4102573       4.69793034    
   15.4202576       4.67368889    
   15.4302578       4.64738321    
   15.4402580       4.61891222    
   15.4502583       4.58817434    
   15.4602585       4.55506849    
   15.4702587       4.51949501    
   15.4802589       4.48135471    
   15.4902592       4.44054985    
   15.5002594       4.39698553    
   15.5102596       4.35056877    
   15.5202599       4.30120945    
   15.5302601       4.24882126    
   15.5402603       4.19332218    
   15.5502605       4.13463402    
   15.5602608       4.07268476    
   15.5702610       4.00740623    
   15.5802612       3.93873858    
   15.5902615       3.86662722    
   15.6002617       3.79102445    
   15.6102619       3.71189141    
   15.6202621       3.62919664    
   15.6302624       3.54291821    
   15.6402626       3.45304203    
   15.6502628       3.35956526    
   15.6602631       3.26249409    
   15.6702633       3.16184521    
   15.6802635       3.05764604    
   15.6902637       2.94993520    
   15.7002640       2.83876252    
   15.7102642       2.72418904    
   15.7202644       2.60628772    
   15.7302647       2.48514247    
   15.7402649       2.36084986    
   15.7502651       2.23351669    
   15.7602654       2.10326171    
   15.7702656       1.97021508    
   15.7802658       1.83451736    
   15.7902660       1.69631934    
   15.8002663       1.55578268    
   15.8102665       1.41307783    
   15.8202667       1.26838446    
   15.8302670       1.12189066    
   15.8402672      0.973791718    
   15.8502674      0.824290335    
   15.8602676      0.673594773    
   15.8702679      0.521918714    
   15.8802681      0.369479984    
   15.8902683      0.216499805    
   15.9002686       6.32017702E-02
   15.9102688      -9.01891366E-02
   15.9202690     -0.243447527    
   15.9302692     -0.396348596    
   15.9402695     -0.548669100    
   15.9502697     -0.700188339    
   15.9602699     -0.850689173    
   15.9702702     -0.999958813    
   15.9802704      -1.14778972    
   15.9902706      -1.29398072    
   16.0002708      -1.43833768    
   16.0102711      -1.58067393    
   16.0202713      -1.72081137    
   16.0302715      -1.85858083    
   16.0402718      -1.99382293    
   16.0502720      -2.12638855    
   16.0602722      -2.25613856    
   16.0702724      -2.38294530    
   16.0802727      -2.50669169    
   16.0902729      -2.62727261    
   16.1002731      -2.74459410    
   16.1102734      -2.85857391    
   16.1202736      -2.96914124    
   16.1302738      -3.07623744    
   16.1402740      -3.17981434    
   16.1502743      -3.27983570    
   16.1602745      -3.37627530    
   16.1702747      -3.46911860    
   16.1802750      -3.55836105    
   16.1902752      -3.64400792    
   16.2002754      -3.72607398    
   16.2102757      -3.80458331    
   16.2202759      -3.87956882    
   16.2302761      -3.95107055    
   16.2402763      -4.01913786    
   16.2502766      -4.08382559    
   16.2602768      -4.14519596    
   16.2702770      -4.20331717    
   16.2802773      -4.25826359    
   16.2902775      -4.31011295    
   16.3002777      -4.35894775    
   16.3102779      -4.40485668    
   16.3202782      -4.44792843    
   16.3302784      -4.48825741    
   16.3402786      -4.52593899    
   16.3502789      -4.56107092    
   16.3602791      -4.59375238    
   16.3702793      -4.62408400    
   16.3802795      -4.65216637    
   16.3902798      -4.67810154    
   16.4002800      -4.70199013    
   16.4102802      -4.72393370    
   16.4202805      -4.74403238    
   16.4302807      -4.76238489    
   16.4402809      -4.77908993    
   16.4502811      -4.79424381    
   16.4602814      -4.80794048    
   16.4702816      -4.82027388    
   16.4802818      -4.83133364    
   16.4902821      -4.84120798    
   16.5002823      -4.84998369    
   16.5102825      -4.85774231    
   16.5202827      -4.86456490    
   16.5302830      -4.87052870    
   16.5402832      -4.87570858    
   16.5502834      -4.88017464    
   16.5602837      -4.88399601    
   16.5702839      -4.88723707    
   16.5802841      -4.88995981    
   16.5902843      -4.89222240    
   16.6002846      -4.89407873    
   16.6102848      -4.89558172    
   16.6202850      -4.89677858    
   16.6302853      -4.89771461    
   16.6402855      -4.89842987    
   16.6502857      -4.89896250    
   16.6602859      -4.89934635    
   16.6702862      -4.89961290    
   16.6802864      -4.89978790    
   16.6902866      -4.89989567    
   16.7002869      -4.89995623    
   16.7102871      -4.89998531    
   16.7202873      -4.89999676    
   16.7302876      -4.89999962    
   16.7402878      -4.90000010    
   16.7502880      -4.90000010    
   16.7602882      -4.89999866    
   16.7702885      -4.89999056    
   16.7802887      -4.89996862    
   16.7902889      -4.89992046    
   16.8002892      -4.89983082    
   16.8102894      -4.89968109    
   16.8202896      -4.89944887    
   16.8302898      -4.89910793    
   16.8402901      -4.89862919    
   16.8502903      -4.89797974    
   16.8602905      -4.89712334    
   16.8702908      -4.89601994    
   16.8802910      -4.89462566    
   16.8902912      -4.89289474    
   16.9002914      -4.89077616    
   16.9102917      -4.88821602    
   16.9202919      -4.88515759    
   16.9302921      -4.88154030    
   16.9402924      -4.87730026    
   16.9502926      -4.87237072    
   16.9602928      -4.86668110    
   16.9702930      -4.86015844    
   16.9802933      -4.85272646    
   16.9902935      -4.84430504    
   17.0002937      -4.83481312    
   17.0102940      -4.82416534    
   17.0202942      -4.81227446    
   17.0302944      -4.79905033    
   17.0402946      -4.78440142    
   17.0502949      -4.76823378    
   17.0602951      -4.75045156    
   17.0702953      -4.73095703    
   17.0802956      -4.70965099    
   17.0902958      -4.68643379    
   17.1002960      -4.66120481    
   17.1102962      -4.63386250    
   17.1202965      -4.60430622    
   17.1302967      -4.57243395    
   17.1402969      -4.53814554    
   17.1502972      -4.50134039    
   17.1602974      -4.46192122    
   17.1702976      -4.41979170    
   17.1802979      -4.37485647    
   17.1902981      -4.32702541    
   17.2002983      -4.27620888    
   17.2102985      -4.22232342    
   17.2202988      -4.16528893    
   17.2302990      -4.10503006    
   17.2402992      -4.04147625    
   17.2502995      -3.97456312    
   17.2602997      -3.90423369    
   17.2702999      -3.83043647    
   17.2803001      -3.75312829    
   17.2903004      -3.67227340    
   17.3003006      -3.58784509    
   17.3103008      -3.49982548    
   17.3203011      -3.40820551    
   17.3303013      -3.31298614    
   17.3403015      -3.21417975    
   17.3503017      -3.11180758    
   17.3603020      -3.00590229    
   17.3703022      -2.89650822    
   17.3803024      -2.78368068    
   17.3903027      -2.66748595    
   17.4003029      -2.54800296    
   17.4103031      -2.42532110    
   17.4203033      -2.29954243    
   17.4303036      -2.17077923    
   17.4403038      -2.03915572    
   17.4503040      -1.90480733    
   17.4603043      -1.76787984    
   17.4703045      -1.62852931    
   17.4803047      -1.48692143    
   17.4903049      -1.34323156    
   17.5003052      -1.19764316    
   17.5103054      -1.05034816    
   17.5203056     -0.901545405    
   17.5303059     -0.751440346    
   17.5403061     -0.600244045    
   17.5503063     -0.448172241    
   17.5603065     -0.295444608    
   17.5703068     -0.142283544    
   17.5803070       1.10865179E-02
   17.5903072      0.164440274    
   17.6003075      0.317552537    
   17.6103077      0.470199108    
   17.6203079      0.622157872    
   17.6303082      0.773209751    
   17.6403084      0.923139513    
   17.6503086       1.07173693    
   17.6603088       1.21879733    
   17.6703091       1.36412299    
   17.6803093       1.50752294    
   17.6903095       1.64881504    
   17.7003098       1.78782523    
   17.7103100       1.92438924    
   17.7203102       2.05835223    
   17.7303104       2.18956995    
   17.7403107       2.31790900    
   17.7503109       2.44324660    
   17.7603111       2.56547141    
   17.7703114       2.68448400    
   17.7803116       2.80019617    
   17.7903118       2.91253114    
   17.8003120       3.02142382    
   17.8103123       3.12682056    
   17.8203125       3.22867870    
   17.8303127       3.32696795    
   17.8403130       3.42166662    
   17.8503132       3.51276588    
   17.8603134       3.60026526    
   17.8703136       3.68417549    
   17.8803139       3.76451564    
   17.8903141       3.84131384    
   17.9003143       3.91460657    
   17.9103146       3.98443842    
   17.9203148       4.05086184    
   17.9303150       4.11393499    
   17.9403152       4.17372322    
   17.9503155       4.23029757    
   17.9603157       4.28373384    
   17.9703159       4.33411312    
   17.9803162       4.38152027    
   17.9903164       4.42604399    
   18.0003166       4.46777630    
   18.0103168       4.50681162    
   18.0203171       4.54324627    
   18.0303173       4.57717943    
   18.0403175       4.60871124    
   18.0503178       4.63794136    
   18.0603180       4.66497183    
   18.0703182       4.68990374    
   18.0803185       4.71283817    
   18.0903187       4.73387671    
   18.1003189       4.75311804    
   18.1103191       4.77066135    
   18.1203194       4.78660393    
   18.1303196       4.80104160    
   18.1403198       4.81406784    
   18.1503201       4.82577372    
   18.1603203       4.83624935    
   18.1703205       4.84558201    
   18.1803207       4.85385561    
   18.1903210       4.86115217    
   18.2003212       4.86754990    
   18.2103214       4.87312555    
   18.2203217       4.87795162    
   18.2303219       4.88209772    
   18.2403221       4.88563061    
   18.2503223       4.88861370    
   18.2603226       4.89110661    
   18.2703228       4.89316654    
   18.2803230       4.89484596    
   18.2903233       4.89619493    
   18.3003235       4.89726067    
   18.3103237       4.89808464    
   18.3203239       4.89870739    
   18.3303242       4.89916468    
   18.3403244       4.89948797    
   18.3503246       4.89970684    
   18.3603249       4.89984703    
   18.3703251       4.89992952    
   18.3803253       4.89997339    
   18.3903255       4.89999247    
   18.4003258       4.89999914    
   18.4103260       4.90000010    
   18.4203262       4.90000010    
   18.4303265       4.89999962    
   18.4403267       4.89999580    
   18.4503269       4.89998245    
   18.4603271       4.89994955    
   18.4703274       4.89988327    
   18.4803276       4.89976692    
   18.4903278       4.89958048    
   18.5003281       4.89929867    
   18.5103283       4.89889526    
   18.5203285       4.89833832    
   18.5303288       4.89759350    
   18.5403290       4.89662266    
   18.5503292       4.89538431    
   18.5603294       4.89383316    
   18.5703297       4.89192104    
   18.5803299       4.88959599    
   18.5903301       4.88680220    
   18.6003304       4.88348103    
   18.6103306       4.87957096    
   18.6203308       4.87500572    
   18.6303310       4.86971760    
   18.6403313       4.86363459    
   18.6503315       4.85668182    
   18.6603317       4.84878111    
   18.6703320       4.83985281    
   18.6803322       4.82981253    
   18.6903324       4.81857491    
   18.7003326       4.80605030    
   18.7103329       4.79214954    
   18.7203331       4.77677774    
   18.7303333       4.75984192    
   18.7403336       4.74124336    
   18.7503338       4.72088575    
   18.7603340       4.69866800    
   18.7703342       4.67449093    
   18.7803345       4.64825296    
   18.7903347       4.61985302    
   18.8003349       4.58919001    
   18.8103352       4.55616188    
   18.8203354       4.52066946    
   18.8303356       4.48261309    
   18.8403358       4.44189596    
   18.8503361       4.39842224    
   18.8603363       4.35209846    
   18.8703365       4.30283546    
   18.8803368       4.25054646    
   18.8903370       4.19514894    
   18.9003372       4.13656521    
   18.9103374       4.07472229    
   18.9203377       4.00955296    
   18.9303379       3.94099593    
   18.9403381       3.86899662    
   18.9503384       3.79350781    
   18.9603386       3.71448994    
   18.9703388       3.63191128    
   18.9803391       3.54574943    
   18.9903393       3.45599031    
   19.0003395       3.36263084    
   19.0103397       3.26567626    
   19.0203400       3.16514325    
   19.0303402       3.06105924    
   19.0403404       2.95346212    
   19.0503407       2.84240150    
   19.0603409       2.72793770    
   19.0703411       2.61014390    
   19.0803413       2.48910308    
   19.0903416       2.36491156    
   19.1003418       2.23767614    
   19.1103420       2.10751510    
   19.1203423       1.97455752    
   19.1303425       1.83894420    
   19.1403427       1.70082593    
   19.1503429       1.56036341    
   19.1603432       1.41772723    
   19.1703434       1.27309668    
   19.1803436       1.12665927    
   19.1903439      0.978610456    
   19.2003441      0.829152584    
   19.2103443      0.678493738    
   19.2203445      0.526847363    
   19.2303448      0.374431223    
   19.2403450      0.221466452    
   19.2503452       6.81765527E-02
   19.2603455      -8.52135345E-02
   19.2703457     -0.238478422    
   19.2803459     -0.391393244    
   19.2903461     -0.543734729    
   19.3003464     -0.695281982    
   19.3103466     -0.845817864    
   19.3203468     -0.995129347    
   19.3303471      -1.14300883    
   19.3403473      -1.28925514    
   19.3503475      -1.43367350    
   19.3603477      -1.57607687    
   19.3703480      -1.71628726    
   19.3803482      -1.85413516    
   19.3903484      -1.98946083    
   19.4003487      -2.12211442    
   19.4103489      -2.25195694    
   19.4203491      -2.37886024    
   19.4303493      -2.50270677    
   19.4403496      -2.62339163    
   19.4503498      -2.74081969    
   19.4603500      -2.85490894    
   19.4703503      -2.96558809    
   19.4803505      -3.07279730    
   19.4903507      -3.17648935    
   19.5003510      -3.27662611    
   19.5103512      -3.37318277    
   19.5203514      -3.46614313    
   19.5303516      -3.55550265    
   19.5403519      -3.64126635    
   19.5503521      -3.72344851    
   19.5603523      -3.80207300    
   19.5703526      -3.87717271    
   19.5803528      -3.94878721    
   19.5903530      -4.01696539    
   19.6003532      -4.08176279    
   19.6103535      -4.14324045    
   19.6203537      -4.20146656    
   19.6303539      -4.25651503    
   19.6403542      -4.30846357    
   19.6503544      -4.35739613    
   19.6603546      -4.40339899    
   19.6703548      -4.44656229    
   19.6803551      -4.48697901    
   19.6903553      -4.52474546    
   19.7003555      -4.55995941    
   19.7103558      -4.59271955    
   19.7203560      -4.62312603    
   19.7303562      -4.65128040    
   19.7403564      -4.67728424    
   19.7503567      -4.70123816    
   19.7603569      -4.72324371    
   19.7703571      -4.74340105    
   19.7803574      -4.76180935    
   19.7903576      -4.77856684    
   19.8003578      -4.79376984    
   19.8103580      -4.80751324    
   19.8203583      -4.81988955    
   19.8303585      -4.83098984    
   19.8403587      -4.84090185    
   19.8503590      -4.84971189    
   19.8603592      -4.85750294    
   19.8703594      -4.86435509    
   19.8803596      -4.87034559    
   19.8903599      -4.87555027    
   19.9003601      -4.88003826    
   19.9103603      -4.88388014    
   19.9203606      -4.88713932    
   19.9303608      -4.88987780    
   19.9403610      -4.89215422    
   19.9503613      -4.89402342    
   19.9603615      -4.89553690    
   19.9703617      -4.89674377    
   19.9803619      -4.89768696    
   19.9903622      -4.89840889    
   20.0003624      -4.89894724    
   20.0103626      -4.89933586    
   20.0203629      -4.89960575    
   20.0303631      -4.89978313    
   20.0403633      -4.89989281    
