   0.00000000       0.00000000    
   0.00000000       4.80102375E-03
   9.99999978E-03   1.92040950E-02
   1.99999996E-02   4.32092138E-02
   2.99999993E-02   7.68163800E-02
   3.99999991E-02  0.120025590    
   4.99999970E-02  0.172836855    
   5.99999949E-02  0.235250160    
   6.99999928E-02  0.307265520    
   7.99999908E-02  0.388882905    
   8.99999887E-02  0.480090678    
   9.99999866E-02  0.580885291    
  0.109999985      0.691263318    
  0.119999982      0.811205924    
  0.129999980      0.940706253    
  0.139999986       1.07973969    
  0.149999991       1.22827721    
  0.159999996       1.38630462    
  0.170000002       1.55378699    
  0.180000007       1.73068464    
  0.190000013       1.91697669    
  0.200000018       2.11259317    
  0.210000023       2.31748033    
  0.220000029       2.53158045    
  0.230000034       2.75480247    
  0.240000039       2.98704648    
  0.250000030       3.22820330    
  0.260000020       3.47818637    
  0.270000011       3.73687148    
  0.280000001       4.00412607    
  0.289999992       4.27977276    
  0.299999982       4.56362200    
  0.309999973       4.85550737    
  0.319999963       5.15525293    
  0.329999954       5.46263552    
  0.339999944       5.77737904    
  0.349999934       6.09918880    
  0.359999925       6.42779636    
  0.369999915       6.76292133    
  0.379999906       7.10422468    
  0.389999896       7.45135212    
  0.399999887       7.80393362    
  0.409999877       8.16153336    
  0.419999868       8.52369881    
  0.429999858       8.89000607    
  0.439999849       9.26001835    
  0.449999839       9.63323021    
  0.459999830       10.0090675    
  0.469999820       10.3869629    
  0.479999810       10.7663546    
  0.489999801       11.1466684    
  0.499999791       11.5272875    
  0.509999812       11.9075451    
  0.519999802       12.2867651    
  0.529999793       12.6642466    
  0.539999783       13.0392818    
  0.549999774       13.4111757    
  0.559999764       13.7791901    
  0.569999754       14.1425495    
  0.579999745       14.5005236    
  0.589999735       14.8523455    
  0.599999726       15.1972132    
  0.609999716       15.5343390    
  0.619999707       15.8629751    
  0.629999697       16.1823673    
  0.639999688       16.4917259    
  0.649999678       16.7902641    
  0.659999669       17.0772476    
  0.669999659       17.3519669    
  0.679999650       17.6137142    
  0.689999640       17.8617954    
  0.699999630       18.0955448    
  0.709999621       18.3143425    
  0.719999611       18.5175819    
  0.729999602       18.7047157    
  0.739999592       18.8752155    
  0.749999583       19.0285969    
  0.759999573       19.1644287    
  0.769999564       19.2823257    
  0.779999554       19.3819370    
  0.789999545       19.4629784    
  0.799999535       19.5252151    
  0.809999526       19.5684662    
  0.819999516       19.5925980    
  0.829999506       19.5975513    
  0.839999497       19.5833054    
  0.849999487       19.5499020    
  0.859999478       19.4974365    
  0.869999468       19.4260654    
  0.879999459       19.3359966    
  0.889999449       19.2274971    
  0.899999440       19.1008911    
  0.909999430       18.9565296    
  0.919999421       18.7948151    
  0.929999411       18.6162148    
  0.939999402       18.4212208    
  0.949999392       18.2103806    
  0.959999382       17.9842701    
  0.969999373       17.7435036    
  0.979999363       17.4887199    
  0.989999354       17.2206135    
  0.999999344       16.9398785    
   1.00999939       16.6472282    
   1.01999938       16.3433933    
   1.02999938       16.0291233    
   1.03999937       15.7051744    
   1.04999936       15.3723021    
   1.05999935       15.0313272    
   1.06999934       14.6830292    
   1.07999933       14.3281555    
   1.08999932       13.9674768    
   1.09999931       13.6017561    
   1.10999930       13.2317495    
   1.11999929       12.8582268    
   1.12999928       12.4819221    
   1.13999927       12.1035213    
   1.14999926       11.7237291    
   1.15999925       11.3432322    
   1.16999924       10.9627037    
   1.17999923       10.5827436    
   1.18999922       10.2039909    
   1.19999921       9.82706642    
   1.20999920       9.45246506    
   1.21999919       9.08072281    
   1.22999918       8.71240711    
   1.23999918       8.34801388    
   1.24999917       7.98797274    
   1.25999916       7.63274765    
   1.26999915       7.28278065    
   1.27999914       6.93844986    
   1.28999913       6.60011864    
   1.29999912       6.26809072    
   1.30999911       5.94269943    
   1.31999910       5.62426186    
   1.32999909       5.31303740    
   1.33999908       5.00931263    
   1.34999907       4.71331882    
   1.35999906       4.42527390    
   1.36999905       4.14538383    
   1.37999904       3.87380648    
   1.38999903       3.61069250    
   1.39999902       3.35618234    
   1.40999901       3.11043763    
   1.41999900       2.87357807    
   1.42999899       2.64568591    
   1.43999898       2.42686629    
   1.44999897       2.21721411    
   1.45999897       2.01679206    
   1.46999896       1.82565761    
   1.47999895       1.64388514    
   1.48999894       1.47151983    
   1.49999893       1.30860174    
   1.50999892       1.15516663    
   1.51999891       1.01122832    
   1.52999890      0.876816809    
   1.53999889      0.751956999    
   1.54999888      0.636656046    
   1.55999887      0.530920863    
   1.56999886      0.434769571    
   1.57999885      0.348205745    
   1.58999884      0.271232814    
   1.59999883      0.203861967    
   1.60999882      0.146093160    
   1.61999881       9.79263857E-02
   1.62999880       5.93616702E-02
   1.63999879       3.03989984E-02
   1.64999878       1.10383732E-02
   1.65999877       1.27979659E-03
   1.66999876       1.12326688E-03
   1.67999876       1.05687845E-02
   1.68999875       2.96163484E-02
   1.69999874       5.82659617E-02
   1.70999873       9.65176225E-02
   1.71999872      0.144371331    
   1.72999871      0.201827079    
   1.73999870      0.268884867    
   1.74999869      0.345544726    
   1.75999868      0.431795537    
   1.76999867      0.527633846    
   1.77999866      0.633056045    
   1.78999865      0.748044193    
   1.79999864      0.872591197    
   1.80999863       1.00669003    
   1.81999862       1.15031564    
   1.82999861       1.30343843    
   1.83999860       1.46604419    
   1.84999859       1.63809741    
   1.85999858       1.81955791    
   1.86999857       2.01038074    
   1.87999856       2.21049166    
   1.88999856       2.41983271    
   1.89999855       2.63834214    
   1.90999854       2.86592412    
   1.91999853       3.10250401    
   1.92999852       3.34797192    
   1.93999851       3.60217643    
   1.94999850       3.86501861    
   1.95999849       4.13636112    
   1.96999848       4.41602230    
   1.97999847       4.70380735    
   1.98999846       4.99950695    
   1.99999845       5.30293894    
   2.00999856       5.61387110    
   2.01999855       5.93206024    
   2.02999854       6.25720596    
   2.03999853       6.58899212    
   2.04999852       6.92713070    
   2.05999851       7.27127457    
   2.06999850       7.62106133    
   2.07999849       7.97611284    
   2.08999848       8.33598614    
   2.09999847       8.70022011    
   2.10999846       9.06838226    
   2.11999846       9.43997765    
   2.12999845       9.81449223    
   2.13999844       10.1913939    
   2.14999843       10.5701075    
   2.15999842       10.9500370    
   2.16999841       11.3305740    
   2.17999840       11.7110910    
   2.18999839       12.0909147    
   2.19999838       12.4693584    
   2.20999837       12.8457479    
   2.21999836       13.2193642    
   2.22999835       13.5894785    
   2.23999834       13.9553490    
   2.24999833       14.3161917    
   2.25999832       14.6712742    
   2.26999831       15.0198259    
   2.27999830       15.3610353    
   2.28999829       15.6941528    
   2.29999828       16.0184288    
   2.30999827       16.3330688    
   2.31999826       16.6372910    
   2.32999825       16.9303398    
   2.33999825       17.2115002    
   2.34999824       17.4800491    
   2.35999823       17.7352829    
   2.36999822       17.9765339    
   2.37999821       18.2031498    
   2.38999820       18.4145279    
   2.39999819       18.6100674    
   2.40999818       18.7892246    
   2.41999817       18.9515133    
   2.42999816       19.0964699    
   2.43999815       19.2236824    
   2.44999814       19.3327904    
   2.45999813       19.4234734    
   2.46999812       19.4954624    
   2.47999811       19.5485477    
   2.48999810       19.5825825    
   2.49999809       19.5974579    
   2.50999808       19.5931396    
   2.51999807       19.5696392    
   2.52999806       19.5270157    
   2.53999805       19.4653912    
   2.54999804       19.3849545    
   2.55999804       19.2859421    
   2.56999803       19.1686459    
   2.57999802       19.0334034    
   2.58999801       18.8805981    
   2.59999800       18.7106571    
   2.60999799       18.5240574    
   2.61999798       18.3213215    
   2.62999797       18.1030216    
   2.63999796       17.8697395    
   2.64999795       17.6221180    
   2.65999794       17.3608170    
   2.66999793       17.0864983    
   2.67999792       16.7998676    
   2.68999791       16.5016899    
   2.69999790       16.1927128    
   2.70999789       15.8736525    
   2.71999788       15.5453043    
   2.72999787       15.2084532    
   2.73999786       14.8638477    
   2.74999785       14.5122738    
   2.75999784       14.1545019    
   2.76999784       13.7913027    
   2.77999783       13.4234324    
   2.78999782       13.0516434    
   2.79999781       12.6766682    
   2.80999780       12.2992373    
   2.81999779       11.9200554    
   2.82999778       11.5398264    
   2.83999777       11.1592236    
   2.84999776       10.7789154    
   2.85999775       10.3994894    
   2.86999774       10.0215521    
   2.87999773       9.64568710    
   2.88999772       9.27243710    
   2.89999771       8.90232563    
   2.90999770       8.53586102    
   2.91999769       8.17353058    
   2.92999768       7.81580591    
   2.93999767       7.46309185    
   2.94999766       7.11577749    
   2.95999765       6.77428102    
   2.96999764       6.43895721    
   2.97999763       6.11010218    
   2.98999763       5.78804111    
   2.99999762       5.47308254    
   3.00999761       5.16547823    
   3.01999760       4.86546803    
   3.02999759       4.57327938    
   3.03999758       4.28912497    
   3.04999757       4.01320553    
   3.05999756       3.74567580    
   3.06999755       3.48668051    
   3.07999754       3.23638701    
   3.08999753       2.99491858    
   3.09999752       2.76239061    
   3.10999751       2.53888178    
   3.11999750       2.32449222    
   3.12999749       2.11931252    
   3.13999748       1.92337763    
   3.14999747       1.73676693    
   3.15999746       1.55955029    
   3.16999745       1.39174879    
   3.17999744       1.23340201    
   3.18999743       1.08454502    
   3.19999743      0.945191860    
   3.20999742      0.815371752    
   3.21999741      0.695109189    
   3.22999740      0.584411263    
   3.23999739      0.483296663    
   3.24999738      0.391768873    
   3.25999737      0.309831381    
   3.26999736      0.237495974    
   3.27999735      0.174762592    
   3.28999734      0.121631265    
   3.29999733       7.81019852E-02
   3.30999732       4.41747531E-02
   3.31999731       1.98495649E-02
   3.32999730       5.12642646E-03
   3.33999729       5.33447064E-06
   3.34999728       4.48628981E-03
   3.35999727       1.85692925E-02
   3.36999726       4.22543436E-02
   3.37999725       7.55414367E-02
   3.38999724      0.118430585    
   3.39999723      0.170921773    
   3.40999722      0.233015016    
   3.41999722      0.304710299    
   3.42999721      0.386007637    
   3.43999720      0.476895362    
   3.44999719      0.577369988    
   3.45999718      0.687428057    
   3.46999717      0.807050824    
   3.47999716      0.936231375    
   3.48999715       1.07494509    
   3.49999714       1.22316301    
   3.50999713       1.38087106    
   3.51999712       1.54805529    
   3.52999711       1.72465730    
   3.53999710       1.91063297    
   3.54999709       2.10595775    
   3.55999708       2.31055617    
   3.56999707       2.52434325    
   3.57999706       2.74725270    
   3.58999705       2.97921371    
   3.59999704       3.22012091    
   3.60999703       3.46985936    
   3.61999702       3.72827268    
   3.62999701       3.99522495    
   3.63999701       4.27060509    
   3.64999700       4.55422735    
   3.65999699       4.84589052    
   3.66999698       5.14538193    
   3.67999697       5.45247459    
   3.68999696       5.76692915    
   3.69999695       6.08849335    
   3.70999694       6.41690207    
   3.71999693       6.75183344    
   3.72999692       7.09295034    
   3.73999691       7.43989754    
   3.74999690       7.79230499    
   3.75999689       8.14973831    
   3.76999688       8.51179218    
   3.77999687       8.87804699    
   3.78999686       9.24796581    
   3.79999685       9.62104225    
   3.80999684       9.99680424    
   3.81999683       10.3746872    
   3.82999682       10.7540779    
   3.83999681       11.1343737    
   3.84999681       11.5149546    
   3.85999680       11.8952150    
   3.86999679       12.2744761    
   3.87999678       12.6520414    
   3.88999677       13.0271997    
   3.89999676       13.3992310    
   3.90999675       13.7673969    
   3.91999674       14.1309490    
   3.92999673       14.4891291    
   3.93999672       14.8411417    
   3.94999671       15.1862392    
   3.95999670       15.5236425    
   3.96999669       15.8525686    
   3.97999668       16.1722641    
   3.98999667       16.4819374    
   3.99999666       16.7808380    
   4.00999689       17.0682297    
   4.01999712       17.3433819    
   4.02999735       17.6055775    
   4.03999758       17.8541183    
   4.04999781       18.0883560    
   4.05999804       18.3076668    
   4.06999826       18.5114517    
   4.07999849       18.6991367    
   4.08999872       18.8701973    
   4.09999895       19.0241547    
   4.10999918       19.1605797    
   4.11999941       19.2790775    
   4.12999964       19.3792992    
   4.13999987       19.4609623    
   4.15000010       19.5238266    
   4.16000032       19.5677090    
   4.17000055       19.5924759    
   4.18000078       19.5980644    
   4.19000101       19.5844498    
   4.20000124       19.5516796    
   4.21000147       19.4998417    
   4.22000170       19.4290943    
   4.23000193       19.3396378    
   4.24000216       19.2317410    
   4.25000238       19.1057072    
   4.26000261       18.9618969    
   4.27000284       18.8007355    
   4.28000307       18.6226673    
   4.29000330       18.4281845    
   4.30000353       18.2178440    
   4.31000376       17.9922237    
   4.32000399       17.7519379    
   4.33000422       17.4976196    
   4.34000444       17.2299366    
   4.35000467       16.9496136    
   4.36000490       16.6573410    
   4.37000513       16.3538227    
   4.38000536       16.0398560    
   4.39000559       15.7161999    
   4.40000582       15.3836069    
   4.41000605       15.0428638    
   4.42000628       14.6947556    
   4.43000650       14.3400583    
   4.44000673       13.9795437    
   4.45000696       13.6139755    
   4.46000719       13.2441082    
   4.47000742       12.8706837    
   4.48000765       12.4944334    
   4.49000788       12.1160765    
   4.50000811       11.7363157    
   4.51000834       11.3558407    
   4.52000856       10.9752960    
   4.53000879       10.5953064    
   4.54000902       10.2164631    
   4.55000925       9.83938408    
   4.56000948       9.46470165    
   4.57000971       9.09291935    
   4.58000994       8.72450352    
   4.59001017       8.35995197    
   4.60001040       7.99979401    
   4.61001062       7.64444304    
   4.62001085       7.29429531    
   4.63001108       6.94977856    
   4.64001131       6.61121082    
   4.65001154       6.27894258    
   4.66001177       5.95334864    
   4.67001200       5.63470173    
   4.68001223       5.32326269    
   4.69001245       5.01931667    
   4.70001268       4.72309589    
   4.71001291       4.43478346    
   4.72001314       4.15458775    
   4.73001337       3.88270426    
   4.74001360       3.61928296    
   4.75001383       3.36449552    
   4.76001406       3.11847067    
   4.77001429       2.88129926    
   4.78001451       2.65309501    
   4.79001474       2.43396258    
   4.80001497       2.22399735    
   4.81001520       2.02328563    
   4.82001543       1.83188152    
   4.83001566       1.64981306    
   4.84001589       1.47712862    
   4.85001612       1.31389129    
   4.86001635       1.16013670    
   4.87001657       1.01587892    
   4.88001680      0.881147563    
   4.89001703      0.755967975    
   4.90001726      0.640347123    
   4.91001749      0.534291983    
   4.92001772      0.437820733    
   4.93001795      0.350936860    
   4.94001818      0.273643881    
   4.95001841      0.205952957    
   4.96001863      0.147864074    
   4.97001886       9.93772447E-02
   4.98001909       6.04924597E-02
   4.99001932       3.12097203E-02
   5.00001955       1.15290284E-02
   5.01001978       1.45038287E-03
   5.02002001       9.73784889E-04
   5.03002024       1.00992341E-02
   5.04002047       2.88267303E-02
   5.05002069       5.71562722E-02
   5.06002092       9.50878635E-02
   5.07002115      0.142621502    
   5.08002138      0.199757189    
   5.09002161      0.266494930    
   5.10002184      0.342834711    
   5.11002207      0.428765476    
   5.12002230      0.524283767    
   5.13002253      0.629386067    
   5.14002275      0.744054317    
   5.15002298      0.868281484    
   5.16002321       1.00206065    
   5.17002344       1.14536667    
   5.18002367       1.29816997    
   5.19002390       1.46045637    
   5.20002413       1.63219059    
   5.21002436       1.81333220    
   5.22002459       2.00383663    
   5.23002481       2.20362926    
   5.24002504       2.41265249    
   5.25002527       2.63084435    
   5.26002550       2.85810947    
   5.27002573       3.09437299    
   5.28002596       3.33952522    
   5.29002619       3.59344649    
   5.30002642       3.85600877    
   5.31002665       4.12704039    
   5.32002687       4.40639162    
   5.33002710       4.69390392    
   5.34002733       4.98937225    
   5.35002756       5.29257822    
   5.36002779       5.60329103    
   5.37002802       5.92122507    
   5.38002825       6.24611950    
   5.39002848       6.57770252    
   5.40002871       6.91564322    
   5.41002893       7.25959587    
   5.42002916       7.60919809    
   5.43002939       7.96407175    
   5.44002962       8.32377338    
   5.45002985       8.68789196    
   5.46003008       9.05594826    
   5.47003031       9.42744732    
   5.48003054       9.80187321    
   5.49003077       10.1786957    
   5.50003099       10.5573664    
   5.51003122       10.9372654    
   5.52003145       11.3178091    
   5.53003168       11.6983442    
   5.54003191       12.0781975    
   5.55003214       12.4567118    
   5.56003237       12.8331833    
   5.57003260       13.2068930    
   5.58003283       13.5771456    
   5.59003305       13.9431667    
   5.60003328       14.3042021    
   5.61003351       14.6594906    
   5.62003374       15.0082636    
   5.63003397       15.3497391    
   5.64003420       15.6831341    
   5.65003443       16.0077019    
   5.66003466       16.3226452    
   5.67003489       16.6272182    
   5.68003511       16.9206638    
   5.69003534       17.2022343    
   5.70003557       17.4712219    
   5.71003580       17.7269230    
   5.72003603       17.9686508    
   5.73003626       18.1957607    
   5.74003649       18.4076557    
   5.75003672       18.6037407    
   5.76003695       18.7834702    
   5.77003717       18.9463463    
   5.78003740       19.0919018    
   5.79003763       19.2197266    
   5.80003786       19.3294544    
   5.81003809       19.4207630    
   5.82003832       19.4933834    
   5.83003855       19.5471134    
   5.84003878       19.5817947    
   5.85003901       19.5973186    
   5.86003923       19.5936527    
   5.87003946       19.5707970    
   5.88003969       19.5288219    
   5.89003992       19.4678555    
   5.90004015       19.3880787    
   5.91004038       19.2896996    
   5.92004061       19.1730175    
   5.93004084       19.0383778    
   5.94004107       18.8861561    
   5.95004129       18.7167835    
   5.96004152       18.5307331    
   5.97004175       18.3285370    
   5.98004198       18.1107521    
   5.99004221       17.8779736    
   6.00004244       17.6308403    
   6.01004267       17.3699837    
   6.02004290       17.0960808    
   6.03004313       16.8098545    
   6.04004335       16.5120659    
   6.05004358       16.2034321    
   6.06004381       15.8847055    
   6.07004404       15.5566730    
   6.08004427       15.2200928    
   6.09004450       14.8757448    
   6.10004473       14.5243816    
   6.11004496       14.1667786    
   6.12004519       13.8037319    
   6.13004541       13.4360056    
   6.14004564       13.0643435    
   6.15004587       12.6894875    
   6.16004610       12.3121576    
   6.17004633       11.9330692    
   6.18004656       11.5528870    
   6.19004679       11.1722927    
   6.20004702       10.7919531    
   6.21004725       10.4125156    
   6.22004747       10.0345249    
   6.23004770       9.65851974    
   6.24004793       9.28512096    
   6.25004816       8.91485500    
   6.26004839       8.54822826    
   6.27004862       8.18572903    
   6.28004885       7.82782936    
   6.29004908       7.47493267    
   6.30004930       7.12742996    
   6.31004953       6.78573847    
   6.32004976       6.45021296    
   6.33004999       6.12115049    
   6.34005022       5.79887581    
   6.35005045       5.48369694    
   6.36005068       5.17582846    
   6.37005091       4.87555075    
   6.38005114       4.58312702    
   6.39005136       4.29873180    
   6.40005159       4.02253246    
   6.41005182       3.75471926    
   6.42005205       3.49543738    
   6.43005228       3.24482369    
   6.44005251       3.00303483    
   6.45005274       2.77018571    
   6.46005297       2.54635501    
   6.47005320       2.33164310    
   6.48005342       2.12614083    
   6.49005365       1.92990637    
   6.50005388       1.74299335    
   6.51005411       1.56545079    
   6.52005434       1.39732313    
   6.53005457       1.23864996    
   6.54005480       1.08946657    
   6.55005503      0.949786723    
   6.56005526      0.819639802    
   6.57005548      0.699050367    
   6.58005571      0.588025451    
   6.59005594      0.486583859    
   6.60005617      0.394729018    
   6.61005640      0.312464476    
   6.62005663      0.239801973    
   6.63005686      0.176741526    
   6.64005709      0.123283125    
   6.65005732       7.94267654E-02
   6.66005754       4.51724567E-02
   6.67005777       2.05201916E-02
   6.68005800       5.46997646E-03
   6.69005823       2.18076930E-05
   6.70005846       4.17568581E-03
   6.71005869       1.79316122E-02
   6.72005892       4.12895828E-02
   6.73005915       7.42496029E-02
   6.74005938      0.116811670    
   6.75005960      0.168975785    
   6.76005983      0.230741948    
   6.77006006      0.302110165    
   6.78006029      0.383080423    
   6.79006052      0.473641098    
   6.80006075      0.573788762    
   6.81006098      0.683519840    
   6.82006121      0.802815735    
   6.83006144      0.931669474    
   6.84006166       1.07005656    
   6.85006189       1.21794796    
   6.86006212       1.37532961    
   6.87006235       1.54218757    
   6.88006258       1.71848583    
   6.89006281       1.90416014    
   6.90006304       2.09916186    
   6.91006327       2.30343771    
   6.92006350       2.51690245    
   6.93006372       2.73949003    
   6.94006395       2.97112966    
   6.95006418       3.21171618    
   6.96006441       3.46113467    
   6.97006464       3.71926117    
   6.98006487       3.98596358    
   6.99006510       4.26106453    
   7.00006533       4.54437447    
   7.01006556       4.83572721    
   7.02006578       5.13494730    
   7.03006601       5.44181156    
   7.04006624       5.75604391    
   7.05006647       6.07739162    
   7.06006670       6.40559006    
   7.07006693       6.74031734    
   7.08006716       7.08123636    
   7.09006739       7.42799282    
   7.10006762       7.78021526    
   7.11006784       8.13747025    
   7.12006807       8.49935246    
   7.13006830       8.86544323    
   7.14006853       9.23525620    
   7.15006876       9.60828686    
   7.16006899       9.98396206    
   7.17006922       10.3617392    
   7.18006945       10.7410612    
   7.19006968       11.1213264    
   7.20006990       11.5019150    
   7.21007013       11.8821945    
   7.22007036       12.2614861    
   7.23007059       12.6390915    
   7.24007082       13.0143347    
   7.25007105       13.3864918    
   7.26007128       13.7547941    
   7.27007151       14.1184978    
   7.28007174       14.4768753    
   7.29007196       14.8291283    
   7.30007219       15.1744814    
   7.31007242       15.5121880    
   7.32007265       15.8414288    
   7.33007288       16.1614532    
   7.34007311       16.4715023    
   7.35007334       16.7707882    
   7.36007357       17.0585823    
   7.37007380       17.3341522    
   7.38007402       17.5967903    
   7.39007425       17.8458214    
   7.40007448       18.0805759    
   7.41007471       18.3004208    
   7.42007494       18.5047436    
   7.43007517       18.6929779    
   7.44007540       18.8646145    
   7.45007563       19.0191746    
   7.46007586       19.1562080    
   7.47007608       19.2753296    
   7.48007631       19.3761902    
   7.49007654       19.4584980    
   7.50007677       19.5220127    
   7.51007700       19.5665493    
   7.52007723       19.5919838    
   7.53007746       19.5982285    
   7.54007769       19.5852776    
   7.55007792       19.5531693    
   7.56007814       19.5019951    
   7.57007837       19.4319019    
   7.58007860       19.3430958    
   7.59007883       19.2358246    
   7.60007906       19.1104050    
   7.61007929       18.9672012    
   7.62007952       18.8066216    
   7.63007975       18.6291256    
   7.64007998       18.4352055    
   7.65008020       18.2254009    
   7.66008043       18.0002899    
   7.67008066       17.7604790    
   7.68008089       17.5066147    
   7.69008112       17.2393475    
   7.70008135       16.9594345    
   7.71008158       16.6675625    
   7.72008181       16.3644257    
   7.73008204       16.0507965    
   7.74008226       15.7274647    
   7.75008249       15.3952150    
   7.76008272       15.0547667    
   7.77008295       14.7069073    
   7.78008318       14.3524456    
   7.79008341       13.9921227    
   7.80008364       13.6267004    
   7.81008387       13.2569656    
   7.82008410       12.8836613    
   7.83008432       12.5075188    
   7.84008455       12.1292248    
   7.85008478       11.7494879    
   7.86008501       11.3690252    
   7.87008524       10.9884806    
   7.88008547       10.6085091    
   7.89008570       10.2296953    
   7.90008593       9.85260868    
   7.91008615       9.47782803    
   7.92008638       9.10588741    
   7.93008661       8.73735523    
   7.94008684       8.37267876    
   7.95008707       8.01233959    
   7.96008730       7.65679979    
   7.97008753       7.30645752    
   7.98008776       6.96173906    
   7.99008799       6.62296343    
   8.00008774       6.29048061    
   8.01008797       5.96466589    
   8.02008820       5.64579201    
   8.03008842       5.33412027    
   8.04008865       5.02989769    
   8.05008888       4.73336029    
   8.06008911       4.44476557    
   8.07008934       4.16428375    
   8.08008957       3.89207792    
   8.09008980       3.62836528    
   8.10009003       3.37328339    
   8.11009026       3.12693143    
   8.12009048       2.88943219    
   8.13009071       2.66092682    
   8.14009094       2.44151688    
   8.15009117       2.23124385    
   8.16009140       2.03019786    
   8.17009163       1.83845890    
   8.18009186       1.65605533    
   8.19009209       1.48303556    
   8.20009232       1.31946266    
   8.21009254       1.16537225    
   8.22009277       1.02077842    
   8.23009300      0.885711133    
   8.24009323      0.760195434    
   8.25009346      0.644238353    
   8.26009369      0.537846863    
   8.27009392      0.441039294    
   8.28009415      0.353819042    
   8.29009438      0.276189655    
   8.30009460      0.208162293    
   8.31009483      0.149737000    
   8.32009506      0.100913741    
   8.33009529       6.16925284E-02
   8.34009552       3.20733674E-02
   8.35009575       1.20562529E-02
   8.36009598       1.64118572E-03
   8.37009621       8.28165677E-04
   8.38009644       9.61719267E-03
   8.39009666       2.80082673E-02
   8.40009689       5.60013875E-02
   8.41009712       9.35965553E-02
   8.42009735      0.140793771    
   8.43009758      0.197593033    
   8.44009781      0.263994336    
   8.45009804      0.339997709    
   8.46009827      0.425592095    
   8.47009850      0.520774066    
   8.48009872      0.625540078    
   8.49009895      0.739872098    
   8.50009918      0.863763154    
   8.51009941      0.997206211    
   8.52009964       1.14017630    
   8.53009987       1.29264379    
   8.54010010       1.45459473    
   8.55010033       1.62599337    
   8.56010056       1.80679989    
   8.57010078       1.99696946    
   8.58010101       2.19645238    
   8.59010124       2.40516901    
   8.60010147       2.62302947    
   8.61010170       2.84999228    
   8.62010193       3.08595657    
   8.63010216       3.33081222    
   8.64010239       3.58443999    
   8.65010262       3.84671187    
   8.66010284       4.11749029    
   8.67010307       4.39659405    
   8.68010330       4.68382835    
   8.69010353       4.97902155    
   8.70010376       5.28195667    
   8.71010399       5.59240198    
   8.72010422       5.91011286    
   8.73010445       6.23479080    
   8.74010468       6.56616306    
   8.75010490       6.90389967    
   8.76010513       7.24765444    
   8.77010536       7.59706545    
   8.78010559       7.95175409    
   8.79010582       8.31132698    
   8.80010605       8.67532444    
   8.81010628       9.04326916    
   8.82010651       9.41466522    
   8.83010674       9.78899860    
   8.84010696       10.1657372    
   8.85010719       10.5443335    
   8.86010742       10.9242220    
   8.87010765       11.3047686    
   8.88010788       11.6853161    
   8.89010811       12.0652246    
   8.90010834       12.4438038    
   8.91010857       12.8203516    
   8.92010880       13.1941843    
   8.93010902       13.5645685    
   8.94010925       13.9307680    
   8.95010948       14.2920256    
   8.96010971       14.6475515    
   8.97010994       14.9965744    
   8.98011017       15.3383455    
   8.99011040       15.6720886    
   9.00011063       15.9970112    
   9.01011086       16.3123302    
   9.02011108       16.6172867    
   9.03011131       16.9111309    
   9.04011154       17.1931305    
   9.05011177       17.4625721    
   9.06011200       17.7187443    
   9.07011223       17.9609718    
   9.08011246       18.1886063    
   9.09011269       18.4010391    
   9.10011292       18.5976868    
   9.11011314       18.7780075    
   9.12011337       18.9414864    
   9.13011360       19.0876484    
   9.14011383       19.2160969    
   9.15011406       19.3264599    
   9.16011429       19.4184170    
   9.17011452       19.4916992    
   9.18011475       19.5460949    
   9.19011497       19.5814457    
   9.20011520       19.5976410    
   9.21011543       19.5946407    
   9.22011566       19.5724487    
   9.23011589       19.5311375    
   9.24011612       19.4708138    
   9.25011635       19.3916588    
   9.26011658       19.2939110    
   9.27011681       19.1778526    
   9.28011703       19.0438213    
   9.29011726       18.8921947    
   9.30011749       18.7234020    
   9.31011772       18.5379353    
   9.32011795       18.3362980    
   9.33011818       18.1190376    
   9.34011841       17.8867588    
   9.35011864       17.6400986    
   9.36011887       17.3796978    
   9.37011909       17.1062603    
   9.38011932       16.8204651    
   9.39011955       16.5230637    
   9.40011978       16.2147999    
   9.41012001       15.8963985    
   9.42012024       15.5686436    
   9.43012047       15.2323284    
   9.44012070       14.8882313    
   9.45012093       14.5371056    
   9.46012115       14.1797256    
   9.47012138       13.8168583    
   9.48012161       13.4492636    
   9.49012184       13.0777235    
   9.50012207       12.7029438    
   9.51012230       12.3256483    
   9.52012253       11.9465847    
   9.53012276       11.5664148    
   9.54012299       11.1857939    
   9.55012321       10.8054438    
   9.56012344       10.4259567    
   9.57012367       10.0478802    
   9.58012390       9.67183208    
   9.59012413       9.29837990    
   9.60012436       8.92804813    
   9.61012459       8.56129551    
   9.62012482       8.19861317    
   9.63012505       7.84052277    
   9.64012527       7.48742914    
   9.65012550       7.13972235    
   9.66012573       6.79782057    
   9.67012596       6.46203566    
   9.68012619       6.13270950    
   9.69012642       5.81016731    
   9.70012665       5.49467754    
   9.71012688       5.18653488    
   9.72012711       4.88597965    
   9.73012733       4.59323788    
   9.74012756       4.30852461    
   9.75012779       4.03200531    
   9.76012802       3.76387167    
   9.77012825       3.50430012    
   9.78012848       3.25342369    
   9.79012871       3.01133776    
   9.80012894       2.77816033    
   9.81012917       2.55402780    
   9.82012939       2.33901143    
   9.83012962       2.13317728    
   9.84012985       1.93661046    
   9.85013008       1.74936473    
   9.86013031       1.57148933    
   9.87013054       1.40302849    
   9.88013077       1.24402201    
   9.89013100       1.09450495    
   9.90013123      0.954491496    
   9.91013145      0.824010789    
   9.92013168      0.703087509    
   9.93013191      0.591728628    
   9.94013214      0.489953011    
   9.95013237      0.397764117    
   9.96013260      0.315165490    
   9.97013283      0.242168903    
   9.98013306      0.178774372    
   9.99013329      0.124981880    
   10.0001335       8.07914361E-02
   10.0101337       4.62030396E-02
   10.0201340       2.12166924E-02
   10.0301342       5.83239039E-03
   10.0401344       5.01358954E-05
   10.0501347       3.86992842E-03
   10.0601349       1.72917675E-02
   10.0701351       4.03156541E-02
   10.0801353       7.29415864E-02
   10.0901356      0.115169570    
   10.1001358      0.166999593    
   10.1101360      0.228431672    
   10.1201363      0.299465805    
   10.1301365      0.380101979    
   10.1401367      0.470328629    
   10.1501369      0.570142269    
   10.1601372      0.679539382    
   10.1701374      0.798501372    
   10.1801376      0.927021325    
   10.1901379       1.06507480    
   10.2001381       1.21265125    
   10.2101383       1.36972046    
   10.2201385       1.53624749    
   10.2301388       1.71221507    
   10.2401390       1.89755905    
   10.2501392       2.09223080    
   10.2601395       2.29617667    
   10.2701397       2.50933886    
   10.2801399       2.73162675    
   10.2901402       2.96294069    
   10.3001404       3.20320177    
   10.3101406       3.45229554    
   10.3201408       3.71009827    
   10.3301411       3.97647738    
   10.3401413       4.25129128    
   10.3501415       4.53435326    
   10.3601418       4.82546329    
   10.3701420       5.12440872    
   10.3801422       5.43100166    
   10.3901424       5.74500704    
   10.4001427       6.06613398    
   10.4101429       6.39411736    
   10.4201431       6.72863626    
   10.4301434       7.06935310    
   10.4401436       7.41591358    
   10.4501438       7.76794672    
   10.4601440       8.12506771    
   10.4701443       8.48682404    
   10.4801445       8.85274792    
   10.4901447       9.22240067    
   10.5001450       9.59527969    
   10.5101452       9.97086239    
   10.5201454       10.3486109    
   10.5301456       10.7279148    
   10.5401459       11.1081753    
   10.5501461       11.4887981    
   10.5601463       11.8691225    
   10.5701466       12.2484713    
   10.5801468       12.6261778    
   10.5901470       13.0015345    
   10.6001472       13.3738174    
   10.6101475       13.7422924    
   10.6201477       14.1062117    
   10.6301479       14.4647875    
   10.6401482       14.8172503    
   10.6501484       15.1628599    
   10.6601486       15.5008354    
   10.6701488       15.8303938    
   10.6801491       16.1507454    
   10.6901493       16.4611359    
   10.7001495       16.7608166    
   10.7101498       17.0490284    
   10.7201500       17.3250446    
   10.7301502       17.5881634    
   10.7401505       17.8376846    
   10.7501507       18.0729446    
   10.7601509       18.2933159    
   10.7701511       18.4981995    
   10.7801514       18.6870193    
   10.7901516       18.8592510    
   10.8001518       19.0144138    
   10.8101521       19.1520672    
   10.8201523       19.2718239    
   10.8301525       19.3733292    
   10.8401527       19.4562912    
   10.8501530       19.5204659    
   10.8601532       19.5656681    
   10.8701534       19.5917721    
   10.8801537       19.5986938    
   10.8901539       19.5864143    
   10.9001541       19.5549717    
   10.9101543       19.5044575    
   10.9201546       19.4350147    
   10.9301548       19.3468475    
   10.9401550       19.2402134    
   10.9501553       19.1154079    
   10.9601555       18.9728012    
   10.9701557       18.8128166    
   10.9801559       18.6358948    
   10.9901562       18.4425354    
   11.0001564       18.2332840    
   11.0101566       18.0086937    
   11.0201569       17.7693787    
   11.0301571       17.5159969    
   11.0401573       17.2492390    
   11.0501575       16.9697647    
   11.0601578       16.6782646    
   11.0701580       16.3755112    
   11.0801582       16.0622482    
   11.0901585       15.7392340    
   11.1001587       15.4072561    
   11.1101589       15.0670671    
   11.1201591       14.7194529    
   11.1301594       14.3651915    
   11.1401596       14.0050535    
   11.1501598       13.6398029    
   11.1601601       13.2701960    
   11.1701603       12.8970060    
   11.1801605       12.5209370    
   11.1901608       12.1427050    
   11.2001610       11.7630138    
   11.2101612       11.3825302    
   11.2201614       11.0019236    
   11.2301617       10.6218281    
   11.2401619       10.2429380    
   11.2501621       9.86578941    
   11.2601624       9.49091148    
   11.2701626       9.11886501    
   11.2801628       8.75016689    
   11.2901630       8.38536739    
   11.3001633       8.02489471    
   11.3101635       7.66916704    
   11.3201637       7.31862974    
   11.3301640       6.97370958    
   11.3401642       6.63472605    
   11.3501644       6.30202961    
   11.3601646       5.97595310    
   11.3701649       5.65677357    
   11.3801651       5.34479427    
   11.3901653       5.04030085    
   11.4001656       4.74352598    
   11.4101658       4.45465183    
   11.4201660       4.17388773    
   11.4301662       3.90142941    
   11.4401665       3.63742661    
   11.4501667       3.38202095    
   11.4601669       3.13534403    
   11.4701672       2.89754772    
   11.4801674       2.66874266    
   11.4901676       2.44900393    
   11.5001678       2.23840141    
   11.5101681       2.03702545    
   11.5201683       1.84495652    
   11.5301685       1.66222250    
   11.5401688       1.48887193    
   11.5501690       1.32496810    
   11.5601692       1.17054665    
   11.5701694       1.02562153    
   11.5801697      0.890222847    
   11.5901699      0.764375627    
   11.6001701      0.648087025    
   11.6101704      0.541363955    
   11.6201706      0.444224685    
   11.6301708      0.356672734    
   11.6401711      0.278711587    
   11.6501713      0.210352495    
   11.6601715      0.151595443    
   11.6701717      0.102440432    
   11.6801720       6.28874749E-02
   11.6901722       3.29365619E-02
   11.7001724       1.25876982E-02
   11.7101727       1.84088119E-03
   11.7201729       6.96111587E-04
   11.7301731       9.15338937E-03
   11.7401733       2.72127148E-02
   11.7501736       5.48740849E-02
   11.7601738       9.21375081E-02
   11.7701740      0.139002964    
   11.7801743      0.195470482    
   11.7901745      0.261540055    
   11.8001747      0.337211639    
   11.8101749      0.422474355    
   11.8201752      0.517324626    
   11.8301754      0.621758997    
   11.8401756      0.735773921    
   11.8501759      0.859350324    
   11.8601761      0.992464364    
   11.8701763       1.13512349    
   11.8801765       1.28730166    
   11.8901768       1.44894767    
   11.9001770       1.62002265    
   11.9101772       1.80050564    
   11.9201775       1.99035192    
   11.9301777       2.18951201    
   11.9401779       2.39793205    
   11.9501781       2.61552620    
   11.9601784       2.84219933    
   11.9701786       3.07784724    
   11.9801788       3.32238698    
   11.9901791       3.57569981    
   12.0001793       3.83765721    
   12.0101795       4.10812235    
   12.0201797       4.38691378    
   12.0301800       4.67387295    
   12.0401802       4.96879482    
   12.0501804       5.27146196    
   12.0601807       5.58164263    
   12.0701809       5.89909315    
   12.0801811       6.22355652    
   12.0901814       6.55471992    
   12.1001816       6.89225435    
   12.1101818       7.23581362    
   12.1201820       7.58503532    
   12.1301823       7.93954086    
   12.1401825       8.29893780    
   12.1501827       8.66276646    
   12.1601830       9.03054905    
   12.1701832       9.40184116    
   12.1801834       9.77613258    
   12.1901836       10.1528416    
   12.2001839       10.5313911    
   12.2101841       10.9112167    
   12.2201843       11.2917347    
   12.2301846       11.6722956    
   12.2401848       12.0522280    
   12.2501850       12.4308710    
   12.2601852       12.8075285    
   12.2701855       13.1814795    
   12.2801857       13.5519991    
   12.2901859       13.9183426    
   12.3001862       14.2797613    
   12.3101864       14.6354885    
   12.3201866       14.9847603    
   12.3301868       15.3267937    
   12.3401871       15.6608114    
   12.3501873       15.9860220    
   12.3601875       16.3016739    
   12.3701878       16.6070137    
   12.3801880       16.9012508    
   12.3901882       17.1836567    
   12.4001884       17.4535389    
   12.4101887       17.7101765    
   12.4201889       17.9528980    
   12.4301891       18.1810589    
   12.4401894       18.3940239    
   12.4501896       18.5912170    
   12.4601898       18.7720909    
   12.4701900       18.9361477    
   12.4801903       19.0829163    
   12.4901905       19.2119751    
   12.5001907       19.3229694    
   12.5101910       19.4155655    
   12.5201912       19.4894962    
   12.5301914       19.5445442    
   12.5401917       19.5805435    
   12.5501919       19.5974007    
   12.5601921       19.5950603    
   12.5701923       19.5735321    
   12.5801926       19.5328770    
   12.5901928       19.4732094    
   12.6001930       19.3947048    
   12.6101933       19.2976055    
   12.6201935       19.1821823    
   12.6301937       19.0487614    
   12.6401939       18.8977337    
   12.6501942       18.7295303    
   12.6601944       18.5446148    
   12.6701946       18.3435192    
   12.6801949       18.1267891    
   12.6901951       17.8950310    
   12.7001953       17.6488590    
   12.7101955       17.3889427    
   12.7201958       17.1159725    
   12.7301960       16.8306313    
   12.7401962       16.5336189    
   12.7501965       16.2256985    
   12.7601967       15.9076586    
   12.7701969       15.5802202    
   12.7801971       15.2441740    
   12.7901974       14.9003019    
   12.8001976       14.5493851    
   12.8101978       14.1922016    
   12.8201981       13.8295202    
   12.8301983       13.4620962    
   12.8401985       13.0906811    
   12.8501987       12.7160149    
   12.8601990       12.3388224    
   12.8701992       11.9598150    
   12.8801994       11.5796623    
   12.8901997       11.1990480    
   12.9001999       10.8186083    
   12.9102001       10.4389706    
   12.9202003       10.0607634    
   12.9302006       9.68457699    
   12.9402008       9.31097889    
   12.9502010       8.94049454    
   12.9602013       8.57363129    
   12.9702015       8.21087837    
   12.9802017       7.85265923    
   12.9902020       7.49938154    
   13.0002022       7.15148449    
   13.0102024       6.80938578    
   13.0202026       6.47339773    
   13.0302029       6.14386177    
   13.0402031       5.82110357    
   13.0502033       5.50539207    
   13.0602036       5.19702196    
   13.0702038       4.89623260    
   13.0802040       4.60325193    
   13.0902042       4.31829309    
   13.1002045       4.04152346    
   13.1102047       3.77310061    
   13.1202049       3.51320529    
   13.1302052       3.26200461    
   13.1402054       3.01962256    
   13.1502056       2.78614640    
   13.1602058       2.56168532    
   13.1702061       2.34633970    
   13.1802063       2.14017582    
   13.1902065       1.94327903    
   13.2002068       1.75570309    
   13.2102070       1.57749712    
   13.2202072       1.40870547    
   13.2302074       1.24936795    
   13.2402077       1.09951973    
   13.2502079      0.959174871    
   13.2602081      0.828362703    
   13.2702084      0.707107842    
   13.2802086      0.595417380    
   13.2902088      0.493310094    
   13.3002090      0.400789499    
   13.3102093      0.317859113    
   13.3202095      0.244530782    
   13.3302097      0.180804506    
   13.3402100      0.126680255    
   13.3502102       8.21580663E-02
   13.3602104       4.72379215E-02
   13.3702106       2.19198242E-02
   13.3802109       6.20377250E-03
   13.3902111       8.97682621E-05
   13.4002113       3.57781118E-03
   13.4102116       1.66679006E-02
   13.4202118       3.93600389E-02
   13.4302120       7.16542229E-02
   13.4402122      0.113550454    
   13.4502125      0.165048733    
   13.4602127      0.226149052    
   13.4702129      0.296851426    
   13.4802132      0.377155840    
   13.4902134      0.467050791    
   13.5002136      0.566532791    
   13.5102139      0.675598264    
   13.5202141      0.794228733    
   13.5302143      0.922417164    
   13.5402145       1.06013930    
   13.5502148       1.20738447    
   13.5602150       1.36412263    
   13.5702152       1.53031886    
   13.5802155       1.70595574    
   13.5902157       1.89096940    
   13.6002159       2.08531094    
   13.6102161       2.28892732    
   13.6202164       2.50176024    
   13.6302166       2.72374701    
   13.6402168       2.95476294    
   13.6502171       3.19469857    
   13.6602173       3.44349909    
   13.6702175       3.70104408    
   13.6802177       3.96713710    
   13.6902180       4.24163342    
   13.7002182       4.52437878    
   13.7102184       4.81517363    
   13.7202187       5.11384296    
   13.7302189       5.42016363    
   13.7402191       5.73390007    
   13.7502193       6.05476189    
   13.7602196       6.38244200    
   13.7702198       6.71670294    
   13.7802200       7.05721092    
   13.7902203       7.40356874    
   13.8002205       7.75540638    
   13.8102207       8.11233807    
   13.8202209       8.47391224    
   13.8302212       8.83971119    
   13.8402214       9.20924759    
   13.8502216       9.58201981    
   13.8602219       9.95750427    
   13.8702221       10.3351393    
   13.8802223       10.7143908    
   13.8902225       11.0946379    
   13.9002228       11.4752588    
   13.9102230       11.8555937    
   13.9202232       12.2349634    
   13.9302235       12.6127338    
   13.9402237       12.9881954    
   13.9502239       13.3605976    
   13.9602242       13.7292032    
   13.9702244       14.0932674    
   13.9802246       14.4520311    
   13.9902248       14.8047285    
   14.0002251       15.1505861    
   14.0102253       15.4888239    
   14.0202255       15.8186893    
   14.0302258       16.1393986    
   14.0402260       16.4501610    
   14.0502262       16.7502213    
   14.0602264       17.0388489    
   14.0702267       17.3153095    
   14.0802269       17.5788841    
   14.0902271       17.8288937    
   14.1002274       18.0646648    
   14.1102276       18.2855663    
   14.1202278       18.4909840    
   14.1302280       18.6803703    
   14.1402283       18.8531933    
   14.1502285       19.0089664    
   14.1602287       19.1472454    
   14.1702290       19.2676315    
   14.1802292       19.3697815    
   14.1902294       19.4534035    
   14.2002296       19.5182533    
   14.2102299       19.5641289    
   14.2202301       19.5909100    
   14.2302303       19.5985126    
   14.2402306       19.5869122    
   14.2502308       19.5561428    
   14.2602310       19.5062981    
   14.2702312       19.4375248    
   14.2802315       19.3500175    
   14.2902317       19.2440414    
   14.3002319       19.1199055    
   14.3102322       18.9779682    
   14.3202324       18.8186131    
   14.3302326       18.6422806    
   14.3402328       18.4494858    
   14.3502331       18.2407703    
   14.3602333       18.0167065    
   14.3702335       17.7779064    
   14.3802338       17.5250130    
   14.3902340       17.2586727    
   14.4002342       16.9795914    
   14.4102345       16.6884918    
   14.4202347       16.3861198    
   14.4302349       16.0732288    
   14.4402351       15.7505713    
   14.4502354       15.4189053    
   14.4602356       15.0789795    
   14.4702358       14.7316151    
   14.4802361       14.3775902    
   14.4902363       14.0176420    
   14.5002365       13.6525698    
   14.5102367       13.2831278    
   14.5202370       12.9100580    
   14.5302372       12.5340929    
   14.5402374       12.1559267    
   14.5502377       11.7762890    
   14.5602379       11.3958712    
   14.5702381       11.0152931    
   14.5802383       10.6351843    
   14.5902386       10.2561874    
   14.6002388       9.87892628    
   14.6102390       9.50395203    
   14.6202393       9.13180065    
   14.6302395       8.76298809    
   14.6402397       8.39801598    
   14.6502399       8.03736496    
   14.6602402       7.68145084    
   14.6702404       7.33072090    
   14.6802406       6.98555708    
   14.6902409       6.64632559    
   14.7002411       6.31341934    
   14.7102413       5.98712683    
   14.7202415       5.66772509    
   14.7302418       5.35551786    
   14.7402420       5.05075264    
   14.7502422       4.75366545    
   14.7602425       4.46451330    
   14.7702427       4.18346834    
   14.7802429       3.91069221    
   14.7902431       3.64637065    
   14.8002434       3.39067650    
   14.8102436       3.14373779    
   14.8202438       2.90564609    
   14.8302441       2.67651486    
   14.8402443       2.45644951    
   14.8502445       2.24554515    
   14.8602448       2.04386473    
   14.8702450       1.85146558    
   14.8802452       1.66840112    
   14.8902454       1.49474049    
   14.9002457       1.33052385    
   14.9102459       1.17576897    
   14.9202461       1.03051031    
   14.9302464      0.894777894    
   14.9402466      0.768596947    
   14.9502468      0.651974440    
   14.9602470      0.544917405    
   14.9702473      0.447444111    
   14.9802475      0.359558105    
   14.9902477      0.281262875    
   15.0002480      0.212569684    
   15.0102482      0.153478548    
   15.0202484      0.103989460    
   15.0302486       6.41024187E-02
   15.0402489       3.38174179E-02
   15.0502491       1.31344693E-02
   15.0602493       2.05356628E-03
   15.0702496       5.74710837E-04
   15.0802498       8.69790278E-03
   15.0902500       2.64231414E-02
   15.1002502       5.37504293E-02
   15.1102505       9.06797573E-02
   15.1202507      0.137211144    
   15.1302509      0.193344563    
   15.1402512      0.259080052    
   15.1502514      0.334417552    
   15.1602516      0.419346213    
   15.1702518      0.513862491    
   15.1802521      0.617962897    
   15.1902523      0.731643915    
   15.2002525      0.854902029    
   15.2102528      0.987700284    
   15.2202530       1.13002813    
   15.2302532       1.28187513    
   15.2402534       1.44319010    
   15.2502537       1.61393440    
   15.2602539       1.79408681    
   15.2702541       1.98360288    
   15.2802544       2.18243313    
   15.2902546       2.39052367    
   15.3002548       2.60778880    
   15.3102551       2.83413339    
   15.3202553       3.06948256    
   15.3302555       3.31372714    
   15.3402557       3.56674743    
   15.3502560       3.82841563    
   15.3602562       4.09859467    
   15.3702564       4.37713814    
   15.3802567       4.66381884    
   15.3902569       4.95846605    
   15.4002571       5.26090002    
   15.4102573       5.57085419    
   15.4202576       5.88808346    
   15.4302578       6.21233225    
   15.4402580       6.54328728    
   15.4502583       6.88061905    
   15.4602585       7.22398233    
   15.4702587       7.57301426    
   15.4802589       7.92733765    
   15.4902592       8.28655815    
   15.5002594       8.65021706    
   15.5102596       9.01788807    
   15.5202599       9.38907719    
   15.5302601       9.76322269    
   15.5402603       10.1398458    
   15.5502605       10.5183744    
   15.5602608       10.8981895    
   15.5702610       11.2786818    
   15.5802612       11.6592245    
   15.5902615       12.0391798    
   15.6002617       12.4178572    
   15.6102619       12.7945890    
   15.6202621       13.1686602    
   15.6302624       13.5393095    
   15.6402626       13.9057989    
   15.6502628       14.2673712    
   15.6602631       14.6233015    
   15.6702633       14.9728203    
   15.6802635       15.3151140    
   15.6902637       15.6494045    
   15.7002640       15.9749365    
   15.7102642       16.2909222    
   15.7202644       16.5966072    
   15.7302647       16.8912392    
   15.7402649       17.1740685    
   15.7502651       17.4443836    
   15.7602654       17.7014694    
   15.7702656       17.9446678    
   15.7802658       18.1733303    
   15.7902660       18.3868294    
   15.8002663       18.5845661    
   15.8102665       18.7660122    
   15.8202667       18.9306545    
   15.8302670       19.0780182    
   15.8402672       19.2076912    
   15.8502674       19.3193016    
   15.8602676       19.4125252    
   15.8702679       19.4870892    
   15.8802681       19.5427761    
   15.8902683       19.5794315    
   15.9002686       19.5969353    
   15.9102688       19.5952492    
   15.9202690       19.5743675    
   15.9302692       19.5343609    
   15.9402695       19.4753361    
   15.9502697       19.3974743    
   15.9602699       19.3009949    
   15.9702702       19.1861782    
   15.9802704       19.0533695    
   15.9902706       18.9029369    
   16.0002708       18.7353134    
   16.0102711       18.5509682    
   16.0202713       18.3504143    
   16.0302715       18.1342201    
   16.0402718       17.9029655    
   16.0502720       17.6572723    
   16.0602722       17.3978024    
   16.0702724       17.1252308    
   16.0802727       16.8402462    
   16.0902729       16.5435925    
   16.1002731       16.2360229    
   16.1102734       15.9182835    
   16.1202736       15.5911703    
   16.1302738       15.2554321    
   16.1402740       14.9118223    
   16.1502743       14.5611248    
   16.1602745       14.2041445    
   16.1702747       13.8416529    
   16.1802750       13.4743767    
   16.1902752       13.1030664    
   16.2002754       12.7284937    
   16.2102757       12.3513803    
   16.2202759       11.9724121    
   16.2302761       11.5922871    
   16.2402763       11.2116890    
   16.2502766       10.8312550    
   16.2602768       10.4516659    
   16.2702770       10.0734940    
   16.2802773       9.69727707    
   16.2902775       9.32358646    
   16.3002777       8.95295048    
   16.3102779       8.58592796    
   16.3202782       8.22300816    
   16.3302784       7.86461592    
   16.3402786       7.51115894    
   16.3502789       7.16307592    
   16.3602791       6.82074070    
   16.3702793       6.48451185    
   16.3802795       6.15473127    
   16.3902798       5.83172464    
   16.4002800       5.51580048    
   16.4102802       5.20717287    
   16.4202805       4.90608597    
   16.4302807       4.61280584    
   16.4402809       4.32754707    
   16.4502811       4.05047607    
   16.4602814       3.78178382    
   16.4702816       3.52161574    
   16.4802818       3.27010894    
   16.4902821       3.02742028    
   16.5002823       2.79366493    
   16.5102825       2.56892180    
   16.5202827       2.35326552    
   16.5302830       2.14679074    
   16.5402832       1.94958258    
   16.5502834       1.76169491    
   16.5602837       1.58317697    
   16.5702839       1.41407311    
   16.5802841       1.25442314    
   16.5902843       1.10426247    
   16.6002846      0.963621497    
   16.6102848      0.832510710    
   16.6202850      0.710940719    
   16.6302853      0.598934948    
   16.6402855      0.496512324    
   16.6502857      0.403676361    
   16.6602859      0.320430607    
   16.6702862      0.246786863    
   16.6802864      0.182745188    
   16.6902866      0.128305539    
   16.7002869       8.34679604E-02
   16.7102871       4.82324176E-02
   16.7202873       2.25989223E-02
   16.7302876       6.56747539E-03
   16.7402878       1.38075222E-04
   16.7502880       3.31072253E-03
   16.7602882       1.60854161E-02
   16.7702885       3.84621583E-02
   16.7802887       7.04409480E-02
   16.7902889      0.112021782    
   16.8002892      0.163204670    
   16.8102894      0.223989591    
   16.8202896      0.294376582    
   16.8302898      0.374365598    
   16.8402901      0.463945180    
   16.8502903      0.563111842    
   16.8602905      0.671862066    
   16.8702908      0.790177286    
   16.8802910      0.918050647    
   16.8902912       1.05545771    
   16.9002914       1.20238805    
   16.9102917       1.35883105    
   16.9202919       1.52473474    
   16.9302921       1.70005965    
   16.9402924       1.88476145    
   16.9502926       2.07879162    
   16.9602928       2.28209686    
   16.9702930       2.49461889    
   16.9802933       2.71629548    
   16.9902935       2.94703054    
   17.0002937       3.18671846    
   17.0102940       3.43524504    
   17.0202942       3.69248652    
   17.0302944       3.95831084    
   17.0402946       4.23254156    
   17.0502949       4.51502419    
   17.0602951       4.80559683    
   17.0702953       5.10404968    
   17.0802956       5.41015959    
   17.0902958       5.72365093    
   17.1002960       6.04427147    
   17.1102962       6.37175608    
   17.1202965       6.70578432    
   17.1302967       7.04606342    
   17.1402969       7.39224291    
   17.1502972       7.74390793    
   17.1602974       8.10067368    
   17.1702976       8.46213818    
   17.1802979       8.82783604    
   17.1902981       9.19727993    
   17.2002983       9.56996822    
   17.2102985       9.94537926    
   17.2202988       10.3229742    
   17.2302990       10.7021723    
   17.2402992       11.0823698    
   17.2502995       11.4629545    
   17.2602997       11.8432903    
   17.2702999       12.2227011    
   17.2803001       12.6005230    
   17.2903004       12.9760475    
   17.3003006       13.3485222    
   17.3103008       13.7172422    
   17.3203011       14.0814648    
   17.3303013       14.4404001    
   17.3403015       14.7932806    
   17.3503017       15.1393671    
   17.3603020       15.4778786    
   17.3703022       15.8080301    
   17.3803024       16.1290379    
   17.3903027       16.4401112    
   17.4003029       16.7405300    
   17.4103031       17.0295429    
   17.4203033       17.3064003    
   17.4303036       17.5704021    
   17.4403038       17.8208504    
   17.4503040       18.0570717    
   17.4603043       18.2784481    
   17.4703045       18.4843712    
   17.4803047       18.6742668    
   17.4903049       18.8476219    
   17.5003052       19.0039387    
   17.5103054       19.1427822    
   17.5203056       19.2637482    
   17.5303059       19.3664856    
   17.5403061       19.4507008    
   17.5503063       19.5161457    
   17.5603065       19.5626297    
   17.5703068       19.5900249    
   17.5803070       19.5982342    
   17.5903072       19.5872498    
   17.6003075       19.5570946    
   17.6103077       19.5078621    
   17.6203079       19.4396915    
   17.6303082       19.3527794    
   17.6403084       19.2473869    
   17.6503086       19.1238117    
   17.6603088       18.9824028    
   17.6703091       18.8235874    
   17.6803093       18.6478138    
   17.6903095       18.4555511    
   17.7003098       18.2473412    
   17.7103100       18.0237751    
   17.7203102       17.7854424    
   17.7303104       17.5329895    
   17.7403107       17.2670612    
   17.7503109       16.9883823    
   17.7603111       16.6976871    
   17.7703114       16.3956757    
   17.7803116       16.0830975    
   17.7903118       15.7607431    
   17.8003120       15.4293661    
   17.8103123       15.0897179    
   17.8203125       14.7425861    
   17.8303127       14.3887463    
   17.8403130       14.0289755    
   17.8503132       13.6640663    
   17.8603134       13.2947721    
   17.8703136       12.9218121    
   17.8803139       12.5459137    
   17.8903141       12.1678028    
   17.9003143       11.7881794    
   17.9103146       11.4077415    
   17.9203148       11.0271578    
   17.9303150       10.6470633    
   17.9403152       10.2680683    
   17.9503155       9.89074612    
   17.9603157       9.51570225    
   17.9703159       9.14347076    
   17.9803162       8.77457047    
   17.9903164       8.40950108    
   18.0003166       8.04869556    
   18.0103168       7.69262218    
   18.0203171       7.34172583    
   18.0303173       6.99638891    
   18.0403175       6.65697813    
   18.0503178       6.32384396    
   18.0603180       5.99732018    
   18.0703182       5.67772341    
   18.0803185       5.36531496    
   18.0903187       5.06034279    
   18.1003189       4.76304293    
   18.1103191       4.47363710    
   18.1203194       4.19233465    
   18.1303196       3.91933155    
   18.1403198       3.65477777    
   18.1503201       3.39881468    
   18.1603203       3.15157437    
   18.1703205       2.91318011    
   18.1803207       2.68374610    
   18.1903210       2.46337700    
   18.2003212       2.25216913    
   18.2103214       2.05018425    
   18.2203217       1.85748065    
   18.2303219       1.67413306    
   18.2403221       1.50018680    
   18.2503223       1.33566272    
   18.2603226       1.18060005    
   18.2703228       1.03503346    
   18.2803230      0.898992896    
   18.2903233      0.772503793    
   18.3003235      0.655573070    
   18.3103237      0.548207760    
   18.3203239      0.450426191    
   18.3303242      0.362231851    
   18.3403244      0.283628225    
   18.3503246      0.214626655    
   18.3603249      0.155227125    
   18.3703251      0.105429649    
   18.3803253       6.52342215E-02
   18.3903255       3.46408337E-02
   18.4003258       1.36494972E-02
   18.4103260       2.26020813E-03
   18.4203262       4.72965679E-04
   18.4303265       8.28777067E-03
   18.4403267       2.57046223E-02
   18.4503269       5.27235232E-02
   18.4603271       8.93444642E-02
   18.4703274      0.135567456    
   18.4803276      0.191392496    
   18.4903278      0.256819576    
   18.5003281      0.331848711    
   18.5103283      0.416469038    
   18.5203285      0.510676980    
   18.5303288      0.614469111    
   18.5403290      0.727841914    
   18.5503292      0.850791812    
   18.5603294      0.983281970    
   18.5703297       1.12530184    
   18.5803299       1.27684093    
   18.5903301       1.43784833    
   18.6003304       1.60830653    
   18.6103306       1.78817546    
   18.6203308       1.97738683    
   18.6303310       2.17591286    
   18.6403313       2.38369942    
   18.6503315       2.60066080    
   18.6603317       2.82670212    
   18.6703320       3.06174898    
   18.6803322       3.30572200    
   18.6903324       3.55847406    
   18.7003326       3.81987691    
   18.7103329       4.08979368    
   18.7203331       4.36804295    
   18.7303333       4.65446663    
   18.7403336       4.94886017    
   18.7503338       5.25100565    
   18.7603340       5.56071186    
   18.7703342       5.87769747    
   18.7803345       6.20166349    
   18.7903347       6.53233814    
   18.8003349       6.86943531    
   18.8103352       7.21261358    
   18.8203354       7.56146669    
   18.8303356       7.91561747    
   18.8403358       8.27467251    
   18.8503361       8.63822174    
   18.8603363       9.00579166    
   18.8703365       9.37683868    
   18.8803368       9.75090027    
   18.8903370       10.1274481    
   18.9003372       10.5058842    
   18.9103374       10.8856421    
   18.9203377       11.2661161    
   18.9303379       11.6466789    
   18.9403381       12.0266647    
   18.9503384       12.4053841    
   18.9603386       12.7821693    
   18.9703388       13.1563053    
   18.9803391       13.5270615    
   18.9903393       13.8936977    
   19.0003395       14.2554655    
   19.0103397       14.6116037    
   19.0203400       14.9613066    
   19.0303402       15.3038340    
   19.0403404       15.6384029    
   19.0503407       15.9642248    
   19.0603409       16.2805481    
   19.0703411       16.5865822    
   19.0803413       16.8815746    
   19.0903416       17.1647930    
   19.1003418       17.4355125    
   19.1103420       17.6930485    
   19.1203423       17.9367218    
   19.1303425       18.1658554    
   19.1403427       18.3798389    
   19.1503429       18.5780983    
   19.1603432       18.7600784    
   19.1703434       18.9252644    
   19.1803436       19.0731964    
   19.1903439       19.2034435    
   19.2003441       19.3156319    
   19.2103443       19.4094505    
   19.2203445       19.4846249    
   19.2303448       19.5409279    
   19.2403450       19.5781994    
   19.2503452       19.5963230    
   19.2603455       19.5952587    
   19.2703457       19.5750008    
   19.2803459       19.5356045    
   19.2903461       19.4771938    
   19.3003464       19.3999329    
   19.3103466       19.3040581    
   19.3203468       19.1898441    
   19.3303471       19.0576267    
   19.3403473       18.9077759    
   19.3503475       18.7406960    
   19.3603477       18.5568848    
   19.3703480       18.3568611    
   19.3803482       18.1411667    
   19.3903484       17.9103851    
   19.4003487       17.6651363    
   19.4103489       17.4061184    
   19.4203491       17.1339893    
   19.4303493       16.8494148    
   19.4403496       16.5531616    
   19.4503498       16.2459755    
   19.4603500       15.9285765    
   19.4703503       15.6017561    
   19.4803505       15.2662983    
   19.4903507       14.9229574    
   19.5003510       14.5725136    
   19.5103512       14.2157440    
   19.5203514       13.8534174    
   19.5303516       13.4862928    
   19.5403519       13.1151228    
   19.5503521       12.7406454    
   19.5603523       12.3635883    
   19.5703526       11.9846649    
   19.5803528       11.6045742    
   19.5903530       11.2239981    
   19.6003532       10.8436050    
   19.6103535       10.4639587    
   19.6203537       10.0856981    
   19.6303539       9.70940876    
   19.6403542       9.33563614    
   19.6503544       8.96496010    
   19.6603546       8.59783649    
   19.6703548       8.23476028    
   19.6803551       7.87620354    
   19.6903553       7.52257586    
   19.7003555       7.17431545    
   19.7103558       6.83179617    
   19.7203560       6.49537754    
   19.7303562       6.16540098    
   19.7403564       5.84215164    
   19.7503567       5.52594137    
   19.7603569       5.21706438    
   19.7703571       4.91576242    
   19.7803574       4.62226105    
   19.7903576       4.33674049    
   19.8003578       4.05940437    
   19.8103580       3.79044390    
   19.8203583       3.53000450    
   19.8303585       3.27822328    
   19.8403587       3.03522801    
   19.8503590       2.80116534    
   19.8603592       2.57611442    
   19.8703594       2.36014986    
   19.8803596       2.15336633    
   19.8903599       1.95584905    
   19.9003601       1.76765203    
   19.9103603       1.58882439    
   19.9203606       1.41941071    
   19.9303608       1.25945079    
   19.9403610       1.10897994    
   19.9503613      0.968028605    
   19.9603615      0.836607456    
   19.9703617      0.714726865    
   19.9803619      0.602423549    
   19.9903622      0.499701053    
   20.0003624      0.406552106    
   20.0103626      0.322993279    
   20.0203629      0.249036476    
   20.0303631      0.184681728    
   20.0403633      0.129929036    
