   0.00000000       0.00000000    
   0.00000000      -4.89950180E-02
   9.99999978E-03  -9.79900360E-02
   1.99999996E-02 -0.146985054    
   2.99999993E-02 -0.195980072    
   3.99999991E-02 -0.244975090    
   4.99999970E-02 -0.293970108    
   5.99999949E-02 -0.342965126    
   6.99999928E-02 -0.391960144    
   7.99999908E-02 -0.440955162    
   8.99999887E-02 -0.489944220    
   9.99999866E-02 -0.538927317    
  0.109999985     -0.587904453    
  0.119999982     -0.636869669    
  0.129999980     -0.685822964    
  0.139999986     -0.734758377    
  0.149999991     -0.783669949    
  0.159999996     -0.832557678    
  0.170000002     -0.881415606    
  0.180000007     -0.930237770    
  0.190000013     -0.979024172    
  0.200000018      -1.02776289    
  0.210000023      -1.07644796    
  0.220000029      -1.12507343    
  0.230000034      -1.17362738    
  0.240000039      -1.22209787    
  0.250000030      -1.27047300    
  0.260000020      -1.31874681    
  0.270000011      -1.36690736    
  0.280000001      -1.41494274    
  0.289999992      -1.46283507    
  0.299999982      -1.51056647    
  0.309999973      -1.55812502    
  0.319999963      -1.60549879    
  0.329999954      -1.65266991    
  0.339999944      -1.69961452    
  0.349999934      -1.74630880    
  0.359999925      -1.79273486    
  0.369999915      -1.83887482    
  0.379999906      -1.88470483    
  0.389999896      -1.93020105    
  0.399999887      -1.97533965    
  0.409999877      -2.02009082    
  0.419999868      -2.06442475    
  0.429999858      -2.10831761    
  0.439999849      -2.15174556    
  0.449999839      -2.19467878    
  0.459999830      -2.23708153    
  0.469999820      -2.27892113    
  0.479999810      -2.32016754    
  0.489999801      -2.36079097    
  0.499999791      -2.40075898    
  0.509999812      -2.44003534    
  0.519999802      -2.47858477    
  0.529999793      -2.51637101    
  0.539999783      -2.55335879    
  0.549999774      -2.58951497    
  0.559999764      -2.62480378    
  0.569999754      -2.65918684    
  0.579999745      -2.69263101    
  0.589999735      -2.72510052    
  0.599999726      -2.75655699    
  0.609999716      -2.78696418    
  0.619999707      -2.81628966    
  0.629999697      -2.84450054    
  0.639999688      -2.87156105    
  0.649999678      -2.89743543    
  0.659999669      -2.92209244    
  0.669999659      -2.94550228    
  0.679999650      -2.96763492    
  0.689999640      -2.98846078    
  0.699999630      -3.00795150    
  0.709999621      -3.02608180    
  0.719999611      -3.04282618    
  0.729999602      -3.05816245    
  0.739999592      -3.07206893    
  0.749999583      -3.08452559    
  0.759999573      -3.09551525    
  0.769999564      -3.10502219    
  0.779999554      -3.11303210    
  0.789999545      -3.11953354    
  0.799999535      -3.12451720    
  0.809999526      -3.12797594    
  0.819999516      -3.12990403    
  0.829999506      -3.13029957    
  0.839999497      -3.12916160    
  0.849999487      -3.12649179    
  0.859999478      -3.12229371    
  0.869999468      -3.11657381    
  0.879999459      -3.10934043    
  0.889999449      -3.10060453    
  0.899999440      -3.09037948    
  0.909999430      -3.07867908    
  0.919999421      -3.06551909    
  0.929999411      -3.05091906    
  0.939999402      -3.03489876    
  0.949999392      -3.01748085    
  0.959999382      -2.99868894    
  0.969999373      -2.97854853    
  0.979999363      -2.95708632    
  0.989999354      -2.93433237    
  0.999999344      -2.91031599    
   1.00999939      -2.88506746    
   1.01999938      -2.85861802    
   1.02999938      -2.83100009    
   1.03999937      -2.80224681    
   1.04999936      -2.77239084    
   1.05999935      -2.74147105    
   1.06999934      -2.70952296    
   1.07999933      -2.67657948    
   1.08999932      -2.64267635    
   1.09999931      -2.60784936    
   1.10999930      -2.57213426    
   1.11999929      -2.53556967    
   1.12999928      -2.49819160    
   1.13999927      -2.46003270    
   1.14999926      -2.42112875    
   1.15999925      -2.38151550    
   1.16999924      -2.34122872    
   1.17999923      -2.30029821    
   1.18999922      -2.25875974    
   1.19999921      -2.21664906    
   1.20999920      -2.17399001    
   1.21999919      -2.13081241    
   1.22999918      -2.08715200    
   1.23999918      -2.04303861    
   1.24999917      -1.99849606    
   1.25999916      -1.95355415    
   1.26999915      -1.90824270    
   1.27999914      -1.86258554    
   1.28999913      -1.81660652    
   1.29999912      -1.77032351    
   1.30999911      -1.72376037    
   1.31999910      -1.67694092    
   1.32999909      -1.62988305    
   1.33999908      -1.58261061    
   1.34999907      -1.53514147    
   1.35999906      -1.48749352    
   1.36999905      -1.43968463    
   1.37999904      -1.39172673    
   1.38999903      -1.34363174    
   1.39999902      -1.29541159    
   1.40999901      -1.24708414    
   1.41999900      -1.19866133    
   1.42999899      -1.15014911    
   1.43999898      -1.10155940    
   1.44999897      -1.05290413    
   1.45999897      -1.00418925    
   1.46999896     -0.955420732    
   1.47999895     -0.906610489    
   1.48999894     -0.857764482    
   1.49999893     -0.808888674    
   1.50999892     -0.759989023    
   1.51999891     -0.711065531    
   1.52999890     -0.662124157    
   1.53999889     -0.613170862    
   1.54999888     -0.564205647    
   1.55999887     -0.515228510    
   1.56999886     -0.466245413    
   1.57999885     -0.417256355    
   1.58999884     -0.368261337    
   1.59999883     -0.319266319    
   1.60999882     -0.270271301    
   1.61999881     -0.221276283    
   1.62999880     -0.172281265    
   1.63999879     -0.123286247    
   1.64999878      -7.42912292E-02
   1.65999877      -2.52962112E-02
   1.66999876       2.36988068E-02
   1.67999876       7.26938248E-02
   1.68999875      0.121688843    
   1.69999874      0.170683861    
   1.70999873      0.219678879    
   1.71999872      0.268673897    
   1.72999871      0.317668915    
   1.73999870      0.366663933    
   1.74999869      0.415658951    
   1.75999868      0.464648008    
   1.76999867      0.513631105    
   1.77999866      0.562608242    
   1.78999865      0.611573458    
   1.79999864      0.660526752    
   1.80999863      0.709468126    
   1.81999862      0.758391619    
   1.82999861      0.807291269    
   1.83999860      0.856167078    
   1.84999859      0.905013084    
   1.85999858      0.953823328    
   1.86999857       1.00259185    
   1.87999856       1.05130672    
   1.88999856       1.09996200    
   1.89999855       1.14855170    
   1.90999854       1.19706392    
   1.91999853       1.24549270    
   1.92999852       1.29382610    
   1.93999851       1.34204626    
   1.94999850       1.39014721    
   1.95999849       1.43811703    
   1.96999848       1.48593783    
   1.97999847       1.53359175    
   1.98999846       1.58106089    
   1.99999845       1.62833333    
   2.00999856       1.67539120    
   2.01999855       1.72221661    
   2.02999854       1.76878572    
   2.03999853       1.81507468    
   2.04999852       1.86106563    
   2.05999851       1.90673470    
   2.06999850       1.95205808    
   2.07999849       1.99701190    
   2.08999848       2.04156637    
   2.09999847       2.08569169    
   2.10999846       2.12936401    
   2.11999846       2.17255354    
   2.12999845       2.21523046    
   2.13999844       2.25736499    
   2.14999843       2.29892445    
   2.15999842       2.33987570    
   2.16999841       2.38018632    
   2.17999840       2.41982341    
   2.18999839       2.45875120    
   2.19999838       2.49693394    
   2.20999837       2.53433895    
   2.21999836       2.57093024    
   2.22999835       2.60667205    
   2.23999834       2.64152884    
   2.24999833       2.67546177    
   2.25999832       2.70843816    
   2.26999831       2.74042201    
   2.27999830       2.77137470    
   2.28999829       2.80126333    
   2.29999828       2.83005548    
   2.30999827       2.85771489    
   2.31999826       2.88420630    
   2.32999825       2.90949655    
   2.33999825       2.93355584    
   2.34999824       2.95635319    
   2.35999823       2.97785854    
   2.36999822       2.99804378    
   2.37999821       3.01688170    
   2.38999820       3.03434730    
   2.39999819       3.05041528    
   2.40999818       3.06506324    
   2.41999817       3.07827163    
   2.42999816       3.09002185    
   2.43999815       3.10029697    
   2.44999814       3.10908270    
   2.45999813       3.11636591    
   2.46999812       3.12213564    
   2.47999811       3.12638354    
   2.48999810       3.12910390    
   2.49999809       3.13029218    
   2.50999808       3.12994719    
   2.51999807       3.12806964    
   2.52999806       3.12466121    
   2.53999805       3.11972690    
   2.54999804       3.11327434    
   2.55999804       3.10531330    
   2.56999803       3.09585571    
   2.57999802       3.08491516    
   2.58999801       3.07250690    
   2.59999800       3.05864811    
   2.60999799       3.04335809    
   2.61999798       3.02665830    
   2.62999797       3.00857282    
   2.63999796       2.98912525    
   2.64999795       2.96834278    
   2.65999794       2.94625330    
   2.66999793       2.92288375    
   2.67999792       2.89826393    
   2.68999791       2.87242842    
   2.69999790       2.84540963    
   2.70999789       2.81723738    
   2.71999788       2.78794765    
   2.72999787       2.75757623    
   2.73999786       2.72615552    
   2.74999785       2.69372177    
   2.75999784       2.66031027    
   2.76999784       2.62595725    
   2.77999783       2.59069800    
   2.78999782       2.55456877    
   2.79999781       2.51760483    
   2.80999780       2.47984242    
   2.81999779       2.44131684    
   2.82999778       2.40206432    
   2.83999777       2.36212015    
   2.84999776       2.32152057    
   2.85999775       2.28029490    
   2.86999774       2.23847628    
   2.87999773       2.19609737    
   2.88999772       2.15318799    
   2.89999771       2.10977793    
   2.90999770       2.06589699    
   2.91999769       2.02157497    
   2.92999768       1.97684169    
   2.93999767       1.93172097    
   2.94999766       1.88623667    
   2.95999765       1.84041858    
   2.96999764       1.79429054    
   2.97999763       1.74787045    
   2.98999763       1.70118213    
   2.99999762       1.65424943    
   3.00999761       1.60709023    
   3.01999760       1.55972242    
   3.02999759       1.51216388    
   3.03999758       1.46443248    
   3.04999757       1.41654611    
   3.05999756       1.36851668    
   3.06999755       1.32035613    
   3.07999754       1.27208233    
   3.08999753       1.22370720    
   3.09999752       1.17524266    
   3.10999751       1.12669468    
   3.11999750       1.07807517    
   3.12999749       1.02939606    
   3.13999748      0.980657339    
   3.14999747      0.931870937    
   3.15999746      0.883048773    
   3.16999745      0.834190845    
   3.17999744      0.785303116    
   3.18999743      0.736391544    
   3.19999743      0.687456131    
   3.20999742      0.638502836    
   3.21999741      0.589537621    
   3.22999740      0.540560484    
   3.23999739      0.491577387    
   3.24999738      0.442588329    
   3.25999737      0.393593311    
   3.26999736      0.344598293    
   3.27999735      0.295603275    
   3.28999734      0.246608257    
   3.29999733      0.197613239    
   3.30999732      0.148618221    
   3.31999731       9.96232033E-02
   3.32999730       5.06281853E-02
   3.33999729       1.63316727E-03
   3.34999728      -4.73618507E-02
   3.35999727      -9.63568687E-02
   3.36999726     -0.145351887    
   3.37999725     -0.194346905    
   3.38999724     -0.243341923    
   3.39999723     -0.292336941    
   3.40999722     -0.341331959    
   3.41999722     -0.390326977    
   3.42999721     -0.439321995    
   3.43999720     -0.488311052    
   3.44999719     -0.537294149    
   3.45999718     -0.586271286    
   3.46999717     -0.635236502    
   3.47999716     -0.684189796    
   3.48999715     -0.733125210    
   3.49999714     -0.782036781    
   3.50999713     -0.830924511    
   3.51999712     -0.879788399    
   3.52999711     -0.928616524    
   3.53999710     -0.977402925    
   3.54999709      -1.02614760    
   3.55999708      -1.07483864    
   3.56999707      -1.12346411    
   3.57999706      -1.17201805    
   3.58999705      -1.22049451    
   3.59999704      -1.26888156    
   3.60999703      -1.31716728    
   3.61999702      -1.36533380    
   3.62999701      -1.41336918    
   3.63999701      -1.46126747    
   3.64999700      -1.50901079    
   3.65999699      -1.55658126    
   3.66999698      -1.60396099    
   3.67999697      -1.65113211    
   3.68999696      -1.69807673    
   3.69999695      -1.74477696    
   3.70999694      -1.79121494    
   3.71999693      -1.83736682    
   3.72999692      -1.88320875    
   3.73999691      -1.92871690    
   3.74999690      -1.97386742    
   3.75999689      -2.01863050    
   3.76999688      -2.06298232    
   3.77999687      -2.10689902    
   3.78999686      -2.15034485    
   3.79999685      -2.19329000    
   3.80999684      -2.23571062    
   3.81999683      -2.27757406    
   3.82999682      -2.31884432    
   3.83999681      -2.35948873    
   3.84999681      -2.39947438    
   3.85999680      -2.43877172    
   3.86999679      -2.47734499    
   3.87999678      -2.51515818    
   3.88999677      -2.55217552    
   3.89999676      -2.58836150    
   3.90999675      -2.62368035    
   3.91999674      -2.65809608    
   3.92999673      -2.69157290    
   3.93999672      -2.72407246    
   3.94999671      -2.75556159    
   3.95999670      -2.78600454    
   3.96999669      -2.81536579    
   3.97999668      -2.84361243    
   3.98999667      -2.87070870    
   3.99999666      -2.89662194    
   4.00999689      -2.92132068    
   4.01999712      -2.94477344    
   4.02999735      -2.96694946    
   4.03999758      -2.98781848    
   4.04999781      -3.00735402    
   4.05999804      -3.02553034    
   4.06999826      -3.04232240    
   4.07999849      -3.05770636    
   4.08999872      -3.07166052    
   4.09999895      -3.08416557    
   4.10999918      -3.09520435    
   4.11999941      -3.10476065    
   4.12999964      -3.11282015    
   4.13999987      -3.11937189    
   4.15000010      -3.12440610    
   4.16000032      -3.12791538    
   4.17000055      -3.12989426    
   4.18000078      -3.13034058    
   4.19000101      -3.12925315    
   4.20000124      -3.12663388    
   4.21000147      -3.12248635    
   4.22000170      -3.11681676    
   4.23000193      -3.10963321    
   4.24000216      -3.10094666    
   4.25000238      -3.09076905    
   4.26000261      -3.07911491    
   4.27000284      -3.06600189    
   4.28000307      -3.05144787    
   4.29000330      -3.03547239    
   4.30000353      -3.01809907    
   4.31000376      -2.99935198    
   4.32000399      -2.97925639    
   4.33000422      -2.95783877    
   4.34000444      -2.93512654    
   4.35000467      -2.91115212    
   4.36000490      -2.88594365    
   4.37000513      -2.85952997    
   4.38000536      -2.83194780    
   4.39000559      -2.80323029    
   4.40000582      -2.77341008    
   4.41000605      -2.74252295    
   4.42000628      -2.71060467    
   4.43000650      -2.67769098    
   4.44000673      -2.64381766    
   4.45000696      -2.60902047    
   4.46000719      -2.57333517    
   4.47000742      -2.53679752    
   4.48000765      -2.49944329    
   4.49000788      -2.46130824    
   4.50000811      -2.42242813    
   4.51000834      -2.38283873    
   4.52000856      -2.34257293    
   4.53000879      -2.30166316    
   4.54000902      -2.26013970    
   4.55000925      -2.21803784    
   4.56000948      -2.17539668    
   4.57000971      -2.13224292    
   4.58000994      -2.08860040    
   4.59001017      -2.04449892    
   4.60001040      -1.99997425    
   4.61001062      -1.95505023    
   4.62001085      -1.90975070    
   4.63001108      -1.86410546    
   4.64001131      -1.81813240    
   4.65001154      -1.77185535    
   4.66001177      -1.72530413    
   4.67001200      -1.67849660    
   4.68001223      -1.63145065    
   4.69001245      -1.58419013    
   4.70001268      -1.53673291    
   4.71001291      -1.48909092    
   4.72001314      -1.44128203    
   4.73001337      -1.39332414    
   4.74001360      -1.34522915    
   4.75001383      -1.29701495    
   4.76001406      -1.24869347    
   4.77001429      -1.20027065    
   4.78001451      -1.15175843    
   4.79001474      -1.10316873    
   4.80001497      -1.05451345    
   4.81001520      -1.00580454    
   4.82001543     -0.957047939    
   4.83001566     -0.908243656    
   4.84001589     -0.859397650    
   4.85001612     -0.810521841    
   4.86001635     -0.761622190    
   4.87001657     -0.712698698    
   4.88001680     -0.663757324    
   4.89001703     -0.614804029    
   4.90001726     -0.565838814    
   4.91001749     -0.516861677    
   4.92001772     -0.467878580    
   4.93001795     -0.418889523    
   4.94001818     -0.369894505    
   4.95001841     -0.320899487    
   4.96001863     -0.271904469    
   4.97001886     -0.222909451    
   4.98001909     -0.173914433    
   4.99001932     -0.124919415    
   5.00001955      -7.59243965E-02
   5.01001978      -2.69293785E-02
   5.02002001       2.20656395E-02
   5.03002024       7.10606575E-02
   5.04002047      0.120055676    
   5.05002069      0.169050694    
   5.06002092      0.218045712    
   5.07002115      0.267040730    
   5.08002138      0.316035748    
   5.09002161      0.365030766    
   5.10002184      0.414025784    
   5.11002207      0.463014841    
   5.12002230      0.511997938    
   5.13002253      0.560975075    
   5.14002275      0.609940290    
   5.15002298      0.658893585    
   5.16002321      0.707834959    
   5.17002344      0.756758451    
   5.18002367      0.805658102    
   5.19002390      0.854533911    
   5.20002413      0.903379917    
   5.21002436      0.952190161    
   5.22002459       1.00095868    
   5.23002481       1.04967356    
   5.24002504       1.09832883    
   5.25002527       1.14691854    
   5.26002550       1.19543076    
   5.27002573       1.24385953    
   5.28002596       1.29219294    
   5.29002619       1.34041905    
   5.30002642       1.38852596    
   5.31002665       1.43649578    
   5.32002687       1.48431659    
   5.33002710       1.53197646    
   5.34002733       1.57945752    
   5.35002756       1.62674189    
   5.36002779       1.67381167    
   5.37002802       1.72064304    
   5.38002825       1.76721811    
   5.39002848       1.81351900    
   5.40002871       1.85952187    
   5.41002893       1.90520287    
   5.42002916       1.95053816    
   5.43002939       1.99550390    
   5.44002962       2.04007030    
   5.45002985       2.08421350    
   5.46003008       2.12790370    
   5.47003031       2.17111111    
   5.48003054       2.21380591    
   5.49003077       2.25595832    
   5.50003099       2.29753852    
   5.51003122       2.33851075    
   5.52003145       2.37884521    
   5.53003168       2.41850615    
   5.54003191       2.45745778    
   5.55003214       2.49566746    
   5.56003237       2.53309917    
   5.57003260       2.56971717    
   5.58003283       2.60548902    
   5.59003305       2.64037561    
   5.60003328       2.67434120    
   5.61003351       2.70735025    
   5.62003374       2.73936701    
   5.63003397       2.77035546    
   5.64003420       2.80027986    
   5.65003443       2.82910776    
   5.66003466       2.85680294    
   5.67003489       2.88333297    
   5.68003511       2.90866494    
   5.69003534       2.93276620    
   5.70003557       2.95560670    
   5.71003580       2.97715664    
   5.72003603       2.99738646    
   5.73003626       3.01626921    
   5.74003649       3.03378105    
   5.75003672       3.04989672    
   5.76003695       3.06459379    
   5.77003717       3.07785201    
   5.78003740       3.08965230    
   5.79003763       3.09997797    
   5.80003786       3.10881448    
   5.81003809       3.11614847    
   5.82003832       3.12196922    
   5.83003855       3.12626886    
   5.84003878       3.12904096    
   5.85003901       3.13028097    
   5.86003923       3.12998819    
   5.87003946       3.12816215    
   5.88003969       3.12480569    
   5.89003992       3.11992431    
   5.90004015       3.11352515    
   5.91004038       3.10561585    
   5.92004061       3.09620881    
   5.93004084       3.08531833    
   5.94004107       3.07295918    
   5.95004129       3.05914879    
   5.96004152       3.04390645    
   5.97004175       3.02725434    
   5.98004198       3.00921512    
   5.99004221       2.98981380    
   6.00004244       2.96907735    
   6.01004267       2.94703102    
   6.02004290       2.92370319    
   6.03004313       2.89912534    
   6.04004335       2.87333131    
   6.05004358       2.84635139    
   6.06004381       2.81821799    
   6.07004404       2.78896689    
   6.08004427       2.75863123    
   6.09004450       2.72724628    
   6.10004473       2.69484520    
   6.11004496       2.66146374    
   6.12004519       2.62714028    
   6.13004541       2.59191108    
   6.14004564       2.55581141    
   6.15004587       2.51887751    
   6.16004610       2.48114467    
   6.17004633       2.44264913    
   6.18004656       2.40342331    
   6.19004679       2.36350298    
   6.20004702       2.32292414    
   6.21004725       2.28172255    
   6.22004747       2.23992467    
   6.23004770       2.19755769    
   6.24004793       2.15466022    
   6.25004816       2.11126208    
   6.26004839       2.06739306    
   6.27004862       2.02308297    
   6.28004885       1.97836161    
   6.29004908       1.93325281    
   6.30004930       1.88778043    
   6.31004953       1.84197426    
   6.32004976       1.79585814    
   6.33004999       1.74944997    
   6.34005022       1.70277357    
   6.35005045       1.65585279    
   6.36005068       1.60869956    
   6.37005091       1.56133771    
   6.38005114       1.51379108    
   6.39005136       1.46607161    
   6.40005159       1.41819119    
   6.41005182       1.37016773    
   6.42005205       1.32201314    
   6.43005228       1.27373934    
   6.44005251       1.22536421    
   6.45005274       1.17689967    
   6.46005297       1.12835169    
   6.47005320       1.07973218    
   6.48005342       1.03105307    
   6.49005365      0.982320309    
   6.50005388      0.933539867    
   6.51005411      0.884717703    
   6.52005434      0.835859776    
   6.53005457      0.786972046    
   6.54005480      0.738060474    
   6.55005503      0.689125061    
   6.56005526      0.640171766    
   6.57005548      0.591206551    
   6.58005571      0.542229414    
   6.59005594      0.493246317    
   6.60005617      0.444257259    
   6.61005640      0.395262241    
   6.62005663      0.346267223    
   6.63005686      0.297272205    
   6.64005709      0.248277187    
   6.65005732      0.199282169    
   6.66005754      0.150287151    
   6.67005777      0.101292133    
   6.68005800       5.22971153E-02
   6.69005823       3.30209732E-03
   6.70005846      -4.56929207E-02
   6.71005869      -9.46879387E-02
   6.72005892     -0.143682957    
   6.73005915     -0.192677975    
   6.74005938     -0.241672993    
   6.75005960     -0.290668011    
   6.76005983     -0.339663029    
   6.77006006     -0.388658047    
   6.78006029     -0.437653065    
   6.79006052     -0.486642122    
   6.80006075     -0.535625219    
   6.81006098     -0.584602356    
   6.82006121     -0.633567572    
   6.83006144     -0.682520866    
   6.84006166     -0.731456280    
   6.85006189     -0.780367851    
   6.86006212     -0.829255581    
   6.87006235     -0.878119469    
   6.88006258     -0.926953554    
   6.89006281     -0.975745916    
   6.90006304      -1.02449059    
   6.91006327      -1.07318163    
   6.92006350      -1.12180710    
   6.93006372      -1.17036104    
   6.94006395      -1.21883750    
   6.95006418      -1.26722455    
   6.96006441      -1.31551027    
   6.97006464      -1.36368275    
   6.98006487      -1.41173005    
   6.99006510      -1.45963430    
   7.00006533      -1.50737762    
   7.01006556      -1.55494809    
   7.02006578      -1.60233378    
   7.03006601      -1.64951682    
   7.04006624      -1.69647336    
   7.05006647      -1.74318552    
   7.06006670      -1.78963542    
   7.07006693      -1.83579922    
   7.08006716      -1.88165307    
   7.09006739      -1.92717314    
   7.10006762      -1.97233558    
   7.11006784      -2.01711059    
   7.12006807      -2.06147432    
   7.13006830      -2.10540295    
   7.14006853      -2.14886665    
   7.15006876      -2.19183564    
   7.16006899      -2.23427415    
   7.17006922      -2.27615237    
   7.18006945      -2.31744051    
   7.19006968      -2.35810590    
   7.20006990      -2.39811540    
   7.21007013      -2.43743658    
   7.22007036      -2.47603369    
   7.23007059      -2.51387072    
   7.24007082      -2.55091500    
   7.25007105      -2.58713078    
   7.26007128      -2.62247920    
   7.27007151      -2.65692472    
   7.28007174      -2.69043446    
   7.29007196      -2.72296977    
   7.30007219      -2.75449467    
   7.31007242      -2.78497648    
   7.32007265      -2.81437635    
   7.33007288      -2.84266186    
   7.34007311      -2.86979985    
   7.35007334      -2.89575458    
   7.36007357      -2.92049503    
   7.37007380      -2.94398975    
   7.38007402      -2.96620893    
   7.39007425      -2.98712420    
   7.40007448      -3.00670719    
   7.41007471      -3.02493143    
   7.42007494      -3.04177117    
   7.43007517      -3.05720282    
   7.44007540      -3.07120609    
   7.45007563      -3.08376193    
   7.46007586      -3.09485126    
   7.47007608      -3.10445881    
   7.48007631      -3.11257052    
   7.49007654      -3.11917448    
   7.50007677      -3.12426090    
   7.51007700      -3.12782264    
   7.52007723      -3.12985492    
   7.53007746      -3.13035369    
   7.54007769      -3.12931919    
   7.55007792      -3.12675309    
   7.56007814      -3.12265873    
   7.57007837      -3.11704206    
   7.58007860      -3.10991120    
   7.59007883      -3.10127592    
   7.60007906      -3.09114909    
   7.61007929      -3.07954550    
   7.62007952      -3.06648183    
   7.63007975      -3.05197692    
   7.64007998      -3.03605056    
   7.65008020      -3.01872492    
   7.66008043      -3.00002408    
   7.67008066      -2.97997308    
   7.68008089      -2.95859885    
   7.69008112      -2.93592811    
   7.70008135      -2.91199541    
   7.71008158      -2.88682890    
   7.72008181      -2.86045671    
   7.73008204      -2.83291340    
   7.74008226      -2.80423474    
   7.75008249      -2.77445626    
   7.76008272      -2.74360776    
   7.77008295      -2.71172523    
   7.78008318      -2.67884731    
   7.79008341      -2.64500690    
   7.80008364      -2.61023951    
   7.81008387      -2.57458401    
   7.82008410      -2.53807616    
   7.83008432      -2.50075173    
   7.84008455      -2.46264338    
   7.85008478      -2.42378712    
   7.86008501      -2.38422155    
   7.87008524      -2.34397960    
   7.88008547      -2.30309677    
   7.89008570      -2.26160288    
   7.90008593      -2.21952796    
   7.91008615      -2.17690468    
   7.92008638      -2.13376284    
   7.93008661      -2.09013820    
   7.94008684      -2.04605460    
   7.95008707      -2.00154185    
   7.96008730      -1.95662975    
   7.97008753      -1.91134214    
   7.98008776      -1.86570883    
   7.99008799      -1.81974769    
   8.00008774      -1.77348256    
   8.01008797      -1.72694325    
   8.02008820      -1.68014765    
   8.03008842      -1.63311362    
   8.04008865      -1.58585906    
   8.05008888      -1.53840184    
   8.06008911      -1.49076581    
   8.07008934      -1.44296288    
   8.08008957      -1.39500499    
   8.09008980      -1.34691596    
   8.10009003      -1.29870772    
   8.11009026      -1.25038624    
   8.12009048      -1.20196342    
   8.13009071      -1.15345716    
   8.14009094      -1.10487938    
   8.15009117      -1.05623007    
   8.16009140      -1.00752115    
   8.17009163     -0.958764553    
   8.18009186     -0.909960270    
   8.19009209     -0.861114264    
   8.20009232     -0.812238455    
   8.21009254     -0.763338804    
   8.22009277     -0.714415312    
   8.23009300     -0.665473938    
   8.24009323     -0.616520643    
   8.25009346     -0.567555428    
   8.26009369     -0.518578291    
   8.27009392     -0.469595194    
   8.28009415     -0.420606136    
   8.29009438     -0.371611118    
   8.30009460     -0.322616100    
   8.31009483     -0.273621082    
   8.32009506     -0.224626064    
   8.33009529     -0.175631046    
   8.34009552     -0.126636028    
   8.35009575      -7.76410103E-02
   8.36009598      -2.86459923E-02
   8.37009621       2.03490257E-02
   8.38009644       6.93440437E-02
   8.39009666      0.118339062    
   8.40009689      0.167334080    
   8.41009712      0.216329098    
   8.42009735      0.265324116    
   8.43009758      0.314319134    
   8.44009781      0.363314152    
   8.45009804      0.412309170    
   8.46009827      0.461298227    
   8.47009850      0.510281324    
   8.48009872      0.559258461    
   8.49009895      0.608223677    
   8.50009918      0.657176971    
   8.51009941      0.706118345    
   8.52009964      0.755041838    
   8.53009987      0.803941488    
   8.54010010      0.852817297    
   8.55010033      0.901663303    
   8.56010056      0.950473547    
   8.57010078      0.999242067    
   8.58010101       1.04796290    
   8.59010124       1.09662414    
   8.60010147       1.14521384    
   8.61010170       1.19373202    
   8.62010193       1.24216676    
   8.63010216       1.29050612    
   8.64010239       1.33873820    
   8.65010262       1.38685107    
   8.66010284       1.43483281    
   8.67010307       1.48266554    
   8.68010330       1.53033137    
   8.69010353       1.57781839    
   8.70010376       1.62510872    
   8.71010399       1.67218447    
   8.72010422       1.71902776    
   8.73010445       1.76561475    
   8.74010468       1.81192756    
   8.75010490       1.85794234    
   8.76010513       1.90363526    
   8.77010536       1.94898248    
   8.78010559       1.99396014    
   8.79010582       2.03854442    
   8.80010605       2.08270550    
   8.81010628       2.12641358    
   8.82010651       2.16963887    
   8.83010674       2.21235156    
   8.84010696       2.25452185    
   8.85010719       2.29611993    
   8.86010742       2.33711600    
   8.87010765       2.37747431    
   8.88010788       2.41715908    
   8.89010811       2.45613766    
   8.90010834       2.49437404    
   8.91010857       2.53183246    
   8.92010880       2.56848049    
   8.93010902       2.60428190    
   8.94010925       2.63920140    
   8.95010948       2.67320275    
   8.96010971       2.70624757    
   8.97010994       2.73830009    
   8.98011017       2.76932716    
   8.99011040       2.79929352    
   9.00011063       2.82816291    
   9.01011086       2.85590005    
   9.02011108       2.88247180    
   9.03011131       2.90784550    
   9.04011154       2.93198991    
   9.05011177       2.95487499    
   9.06011200       2.97646976    
   9.07011223       2.99674582    
   9.08011246       3.01567626    
   9.09011269       3.03323579    
   9.10011292       3.04940057    
   9.11011314       3.06414819    
   9.12011337       3.07745719    
   9.13011360       3.08930802    
   9.14011383       3.09968519    
   9.15011406       3.10857368    
   9.16011429       3.11596036    
   9.17011452       3.12183428    
   9.18011475       3.12618732    
   9.19011497       3.12901306    
   9.20011520       3.13030672    
   9.21011543       3.13006711    
   9.22011566       3.12829423    
   9.23011589       3.12499094    
   9.24011612       3.12016129    
   9.25011635       3.11381269    
   9.26011658       3.10595489    
   9.27011681       3.09659910    
   9.28011703       3.08575940    
   9.29011726       3.07345033    
   9.30011749       3.05968976    
   9.31011772       3.04449797    
   9.32011795       3.02789521    
   9.33011818       3.00990343    
   9.34011841       2.99054837    
   9.35011864       2.96985674    
   9.36011887       2.94785500    
   9.37011909       2.92457342    
   9.38011932       2.90004015    
   9.39011955       2.87428808    
   9.40011978       2.84734964    
   9.41012001       2.81925511    
   9.42012024       2.79003978    
   9.43012047       2.75973988    
   9.44012070       2.72839069    
   9.45012093       2.69602537    
   9.46012115       2.66267967    
   9.47012138       2.62838912    
   9.48012161       2.59318948    
   9.49012184       2.55711985    
   9.50012207       2.52021265    
   9.51012230       2.48250365    
   9.52012253       2.44403195    
   9.53012276       2.40482998    
   9.54012299       2.36493063    
   9.55012321       2.32437563    
   9.56012344       2.28319478    
   9.57012367       2.24141479    
   9.58012390       2.19907165    
   9.59012413       2.15619802    
   9.60012436       2.11282372    
   9.61012459       2.06897259    
   9.62012482       2.02467442    
   9.63012505       1.97996497    
   9.64012527       1.93486810    
   9.65012550       1.88940763    
   9.66012573       1.84361339    
   9.67012596       1.79750323    
   9.68012619       1.75110102    
   9.69012642       1.70443058    
   9.70012665       1.65750980    
   9.71012688       1.61036253    
   9.72012711       1.56300664    
   9.73012733       1.51546001    
   9.74012756       1.46774054    
   9.75012779       1.41986012    
   9.76012802       1.37183666    
   9.77012825       1.32368803    
   9.78012848       1.27542615    
   9.79012871       1.22705698    
   9.80012894       1.17859244    
   9.81012917       1.13005042    
   9.82012939       1.08143687    
   9.83012962       1.03275776    
   9.84012985      0.984025002    
   9.85013008      0.935244560    
   9.86013031      0.886422396    
   9.87013054      0.837564468    
   9.88013077      0.788676739    
   9.89013100      0.739765167    
   9.90013123      0.690829754    
   9.91013145      0.641876459    
   9.92013168      0.592911243    
   9.93013191      0.543934107    
   9.94013214      0.494951010    
   9.95013237      0.445961952    
   9.96013260      0.396966934    
   9.97013283      0.347971916    
   9.98013306      0.298976898    
   9.99013329      0.249981880    
   10.0001335      0.200986862    
   10.0101337      0.151991844    
   10.0201340      0.102996826    
   10.0301342       5.40018082E-02
   10.0401344       5.00679016E-03
   10.0501347      -4.39882278E-02
   10.0601349      -9.29832458E-02
   10.0701351     -0.141978264    
   10.0801353     -0.190973282    
   10.0901356     -0.239968300    
   10.1001358     -0.288963318    
   10.1101360     -0.337958336    
   10.1201363     -0.386953354    
   10.1301365     -0.435948372    
   10.1401367     -0.484937429    
   10.1501369     -0.533920527    
   10.1601372     -0.582897663    
   10.1701374     -0.631862879    
   10.1801376     -0.680816174    
   10.1901379     -0.729751587    
   10.2001381     -0.778669119    
   10.2101383     -0.827562809    
   10.2201385     -0.876426697    
   10.2301388     -0.925260782    
   10.2401390     -0.974053144    
   10.2501392      -1.02279782    
   10.2601395      -1.07148886    
   10.2701397      -1.12012029    
   10.2801399      -1.16868019    
   10.2901402      -1.21715665    
   10.3001404      -1.26554370    
   10.3101406      -1.31382942    
   10.3201408      -1.36200190    
   10.3301411      -1.41004920    
   10.3401413      -1.45795941    
   10.3501415      -1.50571465    
   10.3601418      -1.55329704    
   10.3701420      -1.60068870    
   10.3801422      -1.64787769    
   10.3901424      -1.69484615    
   10.4001427      -1.74157023    
   10.4101429      -1.78803205    
   10.4201431      -1.83420777    
   10.4301434      -1.88007355    
   10.4401436      -1.92560554    
   10.4501438      -1.97077990    
   10.4601440      -2.01557279    
   10.4701443      -2.05995440    
   10.4801445      -2.10389495    
   10.4901447      -2.14737058    
   10.5001450      -2.19035149    
   10.5101452      -2.23280787    
   10.5201454      -2.27470994    
   10.5301456      -2.31602192    
   10.5401459      -2.35671115    
   10.5501461      -2.39674759    
   10.5601463      -2.43609548    
   10.5701466      -2.47471929    
   10.5801468      -2.51258612    
   10.5901470      -2.54966021    
   10.6001472      -2.58590579    
   10.6101475      -2.62128711    
   10.6201477      -2.65576839    
   10.6301479      -2.68931103    
   10.6401482      -2.72187901    
   10.6501484      -2.75343966    
   10.6601486      -2.78395724    
   10.6701488      -2.81339598    
   10.6801491      -2.84172010    
   10.6901493      -2.86889672    
   10.7001495      -2.89489341    
   10.7101498      -2.91967702    
   10.7201500      -2.94321632    
   10.7301502      -2.96548176    
   10.7401505      -2.98644304    
   10.7501507      -3.00607252    
   10.7601509      -3.02434421    
   10.7701511      -3.04123330    
   10.7801514      -3.05671549    
   10.7901516      -3.07076955    
   10.8001518      -3.08337593    
   10.8101521      -3.09451675    
   10.8201523      -3.10417652    
   10.8301525      -3.11234069    
   10.8401527      -3.11899757    
   10.8501530      -3.12413716    
   10.8601532      -3.12775230    
   10.8701534      -3.12983799    
   10.8801537      -3.13039088    
   10.8901539      -3.12941003    
   10.9001541      -3.12689710    
   10.9101543      -3.12285590    
   10.9201546      -3.11729169    
   10.9301548      -3.11021280    
   10.9401550      -3.10162973    
   10.9501553      -3.09155369    
   10.9601555      -3.08000016    
   10.9701557      -3.06698680    
   10.9801559      -3.05253124    
   10.9901562      -3.03665400    
   11.0001564      -3.01937771    
   11.0101566      -3.00072432    
   11.0201569      -2.98071957    
   11.0301571      -2.95939159    
   11.0401573      -2.93677020    
   11.0501575      -2.91288209    
   11.0601578      -2.88775563    
   11.0701580      -2.86142540    
   11.0801582      -2.83392382    
   11.0901585      -2.80528378    
   11.1001587      -2.77554107    
   11.1101589      -2.74472833    
   11.1201591      -2.71288157    
   11.1301594      -2.68003654    
   11.1401596      -2.64622879    
   11.1501598      -2.61149406    
   11.1601601      -2.57586837    
   11.1701603      -2.53939033    
   11.1801605      -2.50209284    
   11.1901608      -2.46401143    
   11.2001610      -2.42518187    
   11.2101612      -2.38563728    
   11.2201614      -2.34541297    
   11.2301617      -2.30454206    
   11.2401619      -2.26306629    
   11.2501621      -2.22101212    
   11.2601624      -2.17840672    
   11.2701626      -2.13528275    
   11.2801628      -2.09167004    
   11.2901630      -2.04760432    
   11.3001633      -2.00310946    
   11.3101635      -1.95820928    
   11.3201637      -1.91293359    
   11.3301640      -1.86731219    
   11.3401642      -1.82136297    
   11.3501644      -1.77510977    
   11.3601646      -1.72857642    
   11.3701649      -1.68178082    
   11.3801651      -1.63474679    
   11.3901653      -1.58749819    
   11.4001656      -1.54005289    
   11.4101658      -1.49242282    
   11.4201660      -1.44462585    
   11.4301662      -1.39667988    
   11.4401665      -1.34859681    
   11.4501667      -1.30038857    
   11.4601669      -1.25206709    
   11.4701672      -1.20365024    
   11.4801674      -1.15514994    
   11.4901676      -1.10657215    
   11.5001678      -1.05792284    
   11.5101681      -1.00921392    
   11.5201683     -0.960457325    
   11.5301685     -0.911653042    
   11.5401688     -0.862807035    
   11.5501690     -0.813931227    
   11.5601692     -0.765031576    
   11.5701694     -0.716108084    
   11.5801697     -0.667166710    
   11.5901699     -0.618213415    
   11.6001701     -0.569248199    
   11.6101704     -0.520271063    
   11.6201706     -0.471287966    
   11.6301708     -0.422298908    
   11.6401711     -0.373303890    
   11.6501713     -0.324308872    
   11.6601715     -0.275313854    
   11.6701717     -0.226318836    
   11.6801720     -0.177323818    
   11.6901722     -0.128328800    
   11.7001724      -7.93337822E-02
   11.7101727      -3.03387642E-02
   11.7201729       1.86562538E-02
   11.7301731       6.76512718E-02
   11.7401733      0.116646290    
   11.7501736      0.165641308    
   11.7601738      0.214636326    
   11.7701740      0.263631344    
   11.7801743      0.312626362    
   11.7901745      0.361621380    
   11.8001747      0.410616398    
   11.8101749      0.459605455    
   11.8201752      0.508588552    
   11.8301754      0.557565689    
   11.8401756      0.606536865    
   11.8501759      0.655496120    
   11.8601761      0.704437494    
   11.8701763      0.753366947    
   11.8801765      0.802278519    
   11.8901768      0.851160288    
   11.9001770      0.900006294    
   11.9101772      0.948816538    
   11.9201775      0.997585058    
   11.9301777       1.04630589    
   11.9401779       1.09497309    
   11.9501781       1.14357471    
   11.9601784       1.19209886    
   11.9701786       1.24053359    
   11.9801788       1.28887296    
   11.9901791       1.33710504    
   12.0001793       1.38521791    
   12.0101795       1.43319964    
   12.0201797       1.48103237    
   12.0301800       1.52870417    
   12.0401802       1.57619715    
   12.0501804       1.62349343    
   12.0601807       1.67057514    
   12.0701809       1.71742439    
   12.0801811       1.76402330    
   12.0901814       1.81034803    
   12.1001816       1.85637474    
   12.1101818       1.90207958    
   12.1201820       1.94743872    
   12.1301823       1.99242830    
   12.1401825       2.03702450    
   12.1501827       2.08119750    
   12.1601830       2.12491751    
   12.1701832       2.16816068    
   12.1801834       2.21089721    
   12.1901836       2.25309134    
   12.2001839       2.29471040    
   12.2101841       2.33572435    
   12.2201843       2.37610340    
   12.2301846       2.41581202    
   12.2401848       2.45481443    
   12.2501850       2.49307752    
   12.2601852       2.53056598    
   12.2701855       2.56724358    
   12.2801857       2.60307503    
   12.2901859       2.63802409    
   12.3001862       2.67205548    
   12.3101864       2.70513296    
   12.3201866       2.73722124    
   12.3301868       2.76828408    
   12.3401871       2.79828620    
   12.3501873       2.82719135    
   12.3601875       2.85496712    
   12.3701878       2.88158059    
   12.3801880       2.90699601    
   12.3901882       2.93118215    
   12.4001884       2.95411062    
   12.4101887       2.97574997    
   12.4201889       2.99607229    
   12.4301891       3.01505041    
   12.4401894       3.03265762    
   12.4501896       3.04887009    
   12.4601898       3.06366539    
   12.4701900       3.07702351    
   12.4801903       3.08892512    
   12.4901905       3.09935284    
   12.5001907       3.10829282    
   12.5101910       3.11573148    
   12.5201912       3.12165785    
   12.5301914       3.12606335    
   12.5401917       3.12894106    
   12.5501919       3.13028765    
   12.5601921       3.13010073    
   12.5701923       3.12838078    
   12.5801926       3.12513018    
   12.5901928       3.12035322    
   12.6001930       3.11405730    
   12.6101933       3.10625219    
   12.6201935       3.09694862    
   12.6301937       3.08615947    
   12.6401939       3.07390094    
   12.6501942       3.06019044    
   12.6601944       3.04504633    
   12.6701946       3.02849126    
   12.6801949       3.01054716    
   12.6901951       2.99123979    
   12.7001953       2.97059417    
   12.7101955       2.94863892    
   12.7201958       2.92540359    
   12.7301960       2.90091634    
   12.7401962       2.87520599    
   12.7501965       2.84830642    
   12.7601967       2.82025337    
   12.7701969       2.79107690    
   12.7801971       2.76081276    
   12.7901974       2.72949648    
   12.8001976       2.69716382    
   12.8101978       2.66385078    
   12.8201981       2.62959313    
   12.8301983       2.59442639    
   12.8401985       2.55838633    
   12.8501987       2.52150893    
   12.8601990       2.48382998    
   12.8701992       2.44538498    
   12.8801994       2.40620685    
   12.8901997       2.36633134    
   12.9001999       2.32579112    
   12.9102001       2.28461933    
   12.9202003       2.24285126    
   12.9302006       2.20052004    
   12.9402008       2.15765834    
   12.9502010       2.11429596    
   12.9602013       2.07046270    
   12.9702015       2.02618837    
   12.9802017       1.98149681    
   12.9902020       1.93641186    
   13.0002022       1.89096332    
   13.0102024       1.84518099    
   13.0202026       1.79908276    
   13.0302029       1.75269246    
   13.0402031       1.70603395    
   13.0502033       1.65912509    
   13.0602036       1.61198974    
   13.0702038       1.56464577    
   13.0802040       1.51711106    
   13.0902042       1.46940351    
   13.1002045       1.42153502    
   13.1102047       1.37351751    
   13.1202049       1.32536888    
   13.1302052       1.27710700    
   13.1402054       1.22874379    
   13.1502056       1.18028522    
   13.1602058       1.13174319    
   13.1702061       1.08312964    
   13.1802063       1.03445053    
   13.1902065      0.985717773    
   13.2002068      0.936937332    
   13.2102070      0.888115168    
   13.2202072      0.839257240    
   13.2302074      0.790369511    
   13.2402077      0.741457939    
   13.2502079      0.692522526    
   13.2602081      0.643569231    
   13.2702084      0.594604015    
   13.2802086      0.545626879    
   13.2902088      0.496643782    
   13.3002090      0.447654724    
   13.3102093      0.398659706    
   13.3202095      0.349664688    
   13.3302097      0.300669670    
   13.3402100      0.251674652    
   13.3502102      0.202679634    
   13.3602104      0.153684616    
   13.3702106      0.104689598    
   13.3802109       5.56945801E-02
   13.3902111       6.69956207E-03
   13.4002113      -4.22954559E-02
   13.4102116      -9.12904739E-02
   13.4202118     -0.140285492    
   13.4302120     -0.189280510    
   13.4402122     -0.238275528    
   13.4502125     -0.287270546    
   13.4602127     -0.336265564    
   13.4702129     -0.385260582    
   13.4802132     -0.434255600    
   13.4902134     -0.483244658    
   13.5002136     -0.532227755    
   13.5102139     -0.581204891    
   13.5202141     -0.630170107    
   13.5302143     -0.679123402    
   13.5402145     -0.728058815    
   13.5502148     -0.776976347    
   13.5602150     -0.825870037    
   13.5702152     -0.874733925    
   13.5802155     -0.923568010    
   13.5902157     -0.972360373    
   13.6002159      -1.02110505    
   13.6102161      -1.06979609    
   13.6202164      -1.11842752    
   13.6302166      -1.16699338    
   13.6402168      -1.21547580    
   13.6502171      -1.26386285    
   13.6602173      -1.31215453    
   13.6702175      -1.36033893    
   13.6802177      -1.40839219    
   13.6902180      -1.45630240    
   13.7002182      -1.50405765    
   13.7102184      -1.55164003    
   13.7202187      -1.59903765    
   13.7302189      -1.64623260    
   13.7402191      -1.69320703    
   13.7502193      -1.73993707    
   13.7602196      -1.78639889    
   13.7702198      -1.83258057    
   13.7802200      -1.87845826    
   13.7902203      -1.92400217    
   13.8002205      -1.96918845    
   13.8102207      -2.01399326    
   13.8202209      -2.05838680    
   13.8302212      -2.10234523    
   13.8402214      -2.14583874    
   13.8502216      -2.18883753    
   13.8602219      -2.23131180    
   13.8702221      -2.27322888    
   13.8802223      -2.31456161    
   13.8902225      -2.35527468    
   13.9002228      -2.39533496    
   13.9102230      -2.43470669    
   13.9202232      -2.47335434    
   13.9302235      -2.51124811    
   13.9402237      -2.54835200    
   13.9502239      -2.58462739    
   13.9602242      -2.62003851    
   13.9702244      -2.65454960    
   13.9802246      -2.68812490    
   13.9902248      -2.72072864    
   14.0002251      -2.75232506    
   14.0102253      -2.78287840    
   14.0202255      -2.81235576    
   14.0302258      -2.84072161    
   14.0402260      -2.86794019    
   14.0502262      -2.89397836    
   14.0602264      -2.91880536    
   14.0702267      -2.94238925    
   14.0802269      -2.96469927    
   14.0902271      -2.98570704    
   14.1002274      -3.00538397    
   14.1102276      -3.02370358    
   14.1202278      -3.04064012    
   14.1302280      -3.05617166    
   14.1402283      -3.07027626    
   14.1502285      -3.08293414    
   14.1602287      -3.09412718    
   14.1702290      -3.10383892    
   14.1802292      -3.11205578    
   14.1902294      -3.11876607    
   14.2002296      -3.12396002    
   14.2102299      -3.12762928    
   14.2202301      -3.12976909    
   14.2302303      -3.13037634    
   14.2402306      -3.12944984    
   14.2502308      -3.12699080    
   14.2602310      -3.12300324    
   14.2702312      -3.11749291    
   14.2802315      -3.11046767    
   14.2902317      -3.10193825    
   14.3002319      -3.09191728    
   14.3102322      -3.08041954    
   14.3202324      -3.06745934    
   14.3302326      -3.05305433    
   14.3402328      -3.03722620    
   14.3502331      -3.01999760    
   14.3602333      -3.00139189    
   14.3702335      -2.98143482    
   14.3802338      -2.96015310    
   14.3902340      -2.93757319    
   14.4002342      -2.91372538    
   14.4102345      -2.88864088    
   14.4202347      -2.86235213    
   14.4302349      -2.83489227    
   14.4402351      -2.80629396    
   14.4502354      -2.77659011    
   14.4602356      -2.74581313    
   14.4702358      -2.71400213    
   14.4802361      -2.68119287    
   14.4902363      -2.64741778    
   14.5002365      -2.61271596    
   14.5102367      -2.57712317    
   14.5202370      -2.54067492    
   14.5302372      -2.50340700    
   14.5402374      -2.46535254    
   14.5502377      -2.42654991    
   14.5602379      -2.38703489    
   14.5702381      -2.34683752    
   14.5802383      -2.30599046    
   14.5902386      -2.26452947    
   14.6002388      -2.22249031    
   14.6102390      -2.17990279    
   14.6202393      -2.13679671    
   14.6302395      -2.09320188    
   14.6402397      -2.04914808    
   14.6502399      -2.00466514    
   14.6602402      -1.95977688    
   14.6702404      -1.91451311    
   14.6802406      -1.86889768    
   14.6902409      -1.82295442    
   14.7002411      -1.77671313    
   14.7102413      -1.73019171    
   14.7202415      -1.68340802    
   14.7302418      -1.63638592    
   14.7402420      -1.58914328    
   14.7502422      -1.54169798    
   14.7602425      -1.49407387    
   14.7702427      -1.44628286    
   14.7802429      -1.39833689    
   14.7902431      -1.35025382    
   14.8002434      -1.30205154    
   14.8102436      -1.25374198    
   14.8202438      -1.20533109    
   14.8302441      -1.15683079    
   14.8402443      -1.10825300    
   14.8502445      -1.05960965    
   14.8602448      -1.01090670    
   14.8702450     -0.962150097    
   14.8802452     -0.913345814    
   14.8902454     -0.864505768    
   14.9002457     -0.815635920    
   14.9102459     -0.766736269    
   14.9202461     -0.717812777    
   14.9302464     -0.668871403    
   14.9402466     -0.619918108    
   14.9502468     -0.570952892    
   14.9602470     -0.521975756    
   14.9702473     -0.472992659    
   14.9802475     -0.424003601    
   14.9902477     -0.375008583    
   15.0002480     -0.326013565    
   15.0102482     -0.277018547    
   15.0202484     -0.228023529    
   15.0302486     -0.179028511    
   15.0402489     -0.130033493    
   15.0502491      -8.10384750E-02
   15.0602493      -3.20434570E-02
   15.0702496       1.69515610E-02
   15.0802498       6.59465790E-02
   15.0902500      0.114941597    
   15.1002502      0.163936615    
   15.1102505      0.212931633    
   15.1202507      0.261926651    
   15.1302509      0.310921669    
   15.1402512      0.359916687    
   15.1502514      0.408911705    
   15.1602516      0.457900763    
   15.1702518      0.506883860    
   15.1802521      0.555860996    
   15.1902523      0.604832172    
   15.2002525      0.653797388    
   15.2102528      0.702744722    
   15.2202530      0.751674175    
   15.2302532      0.800585747    
   15.2402534      0.849467516    
   15.2502537      0.898313522    
   15.2602539      0.947123766    
   15.2702541      0.995892286    
   15.2802544       1.04461312    
   15.2902546       1.09328032    
   15.3002548       1.14188194    
   15.3102551       1.19040608    
   15.3202553       1.23884678    
   15.3302555       1.28719211    
   15.3402557       1.33543015    
   15.3502560       1.38354897    
   15.3602562       1.43153667    
   15.3702564       1.47938132    
   15.3802567       1.52705908    
   15.3902569       1.57455802    
   15.4002571       1.62186623    
   15.4102573       1.66895986    
   15.4202576       1.71582103    
   15.4302578       1.76243186    
   15.4402580       1.80876851    
   15.4502583       1.85480714    
   15.4602585       1.90052390    
   15.4702587       1.94589496    
   15.4802589       1.99089646    
   15.4902592       2.03550458    
   15.5002594       2.07968950    
   15.5102596       2.12342739    
   15.5202599       2.16668844    
   15.5302601       2.20943689    
   15.5402603       2.25164890    
   15.5502605       2.29329181    
   15.5602608       2.33432961    
   15.5702610       2.37472963    
   15.5802612       2.41445899    
   15.5902615       2.45348525    
   15.6002617       2.49177217    
   15.6102619       2.52928734    
   15.6202621       2.56599498    
   15.6302624       2.60185599    
   15.6402626       2.63683510    
   15.6502628       2.67089605    
   15.6602631       2.70400643    
   15.6702633       2.73613048    
   15.6802635       2.76722908    
   15.6902637       2.79726696    
   15.7002640       2.82621098    
   15.7102642       2.85402536    
   15.7202644       2.88067770    
   15.7302647       2.90613484    
   15.7402649       2.93036413    
   15.7502651       2.95333576    
   15.7602654       2.97501850    
   15.7702656       2.99538541    
   15.7802658       3.01440954    
   15.7902660       3.03206444    
   15.8002663       3.04832458    
   15.8102665       3.06316924    
   15.8202667       3.07657719    
   15.8302670       3.08852863    
   15.8402672       3.09900713    
   15.8502674       3.10799789    
   15.8602676       3.11548758    
   15.8702679       3.12146521    
   15.8802681       3.12592196    
   15.8902683       3.12885213    
   15.9002686       3.13025045    
   15.9102688       3.13011575    
   15.9202690       3.12844753    
   15.9302692       3.12524891    
   15.9402695       3.12052369    
   15.9502697       3.11427951    
   15.9602699       3.10652494    
   15.9702702       3.09727120    
   15.9802704       3.08653283    
   15.9902706       3.07432413    
   16.0002708       3.06066275    
   16.0102711       3.04556799    
   16.0202713       3.02906036    
   16.0302715       3.01116419    
   16.0402718       2.99190283    
   16.0502720       2.97130203    
   16.0602722       2.94938993    
   16.0702724       2.92619467    
   16.0802727       2.90174484    
   16.0902729       2.87607312    
   16.1002731       2.84921241    
   16.1102734       2.82119513    
   16.1202736       2.79205751    
   16.1302738       2.76183200    
   16.1402740       2.73055148    
   16.1502743       2.69825172    
   16.1602745       2.66497135    
   16.1702747       2.63074636    
   16.1802750       2.59560943    
   16.1902752       2.55959630    
   16.2002754       2.52274585    
   16.2102757       2.48509359    
   16.2202759       2.44667244    
   16.2302761       2.40751815    
   16.2402763       2.36766648    
   16.2502766       2.32715011    
   16.2602768       2.28600812    
   16.2702770       2.24426985    
   16.2802773       2.20196247    
   16.2902775       2.15911865    
   16.3002777       2.11576819    
   16.3102779       2.07194686    
   16.3202782       2.02768445    
   16.3302784       1.98300481    
   16.3402786       1.93793178    
   16.3502789       1.89249516    
   16.3602791       1.84671879    
   16.3702793       1.80062652    
   16.3802795       1.75424218    
   16.3902798       1.70758963    
   16.4002800       1.66069269    
   16.4102802       1.61356330    
   16.4202805       1.56621933    
   16.4302807       1.51868463    
   16.4402809       1.47097707    
   16.4502811       1.42310858    
   16.4602814       1.37509704    
   16.4702816       1.32695436    
   16.4802818       1.27869248    
   16.4902821       1.23032928    
   16.5002823       1.18187666    
   16.5102825       1.13334060    
   16.5202827       1.08472705    
   16.5302830       1.03604794    
   16.5402832      0.987315178    
   16.5502834      0.938534737    
   16.5602837      0.889712572    
   16.5702839      0.840854645    
   16.5802841      0.791966915    
   16.5902843      0.743055344    
   16.6002846      0.694125891    
   16.6102848      0.645178556    
   16.6202850      0.596213341    
   16.6302853      0.547236204    
   16.6402855      0.498253107    
   16.6502857      0.449264050    
   16.6602859      0.400269032    
   16.6702862      0.351274014    
   16.6802864      0.302278996    
   16.6902866      0.253283978    
   16.7002869      0.204288960    
   16.7102871      0.155293941    
   16.7202873      0.106298923    
   16.7302876       5.73039055E-02
   16.7402878       8.30888748E-03
   16.7502880      -4.06861305E-02
   16.7602882      -8.96811485E-02
   16.7702885     -0.138676167    
   16.7802887     -0.187671185    
   16.7902889     -0.236666203    
   16.8002892     -0.285661221    
   16.8102894     -0.334656239    
   16.8202896     -0.383651257    
   16.8302898     -0.432646275    
   16.8402901     -0.481635332    
   16.8502903     -0.530618429    
   16.8602905     -0.579595566    
   16.8702908     -0.628560781    
   16.8802910     -0.677514076    
   16.8902912     -0.726449490    
   16.9002914     -0.775367022    
   16.9102917     -0.824266672    
   16.9202919     -0.873136520    
   16.9302921     -0.921970606    
   16.9402924     -0.970762968    
   16.9502926      -1.01950765    
   16.9602928      -1.06819868    
   16.9702930      -1.11683011    
   16.9802933      -1.16539598    
   16.9902935      -1.21388435    
   17.0002937      -1.26228333    
   17.0102940      -1.31058097    
   17.0202942      -1.35876536    
   17.0302944      -1.40682459    
   17.0402946      -1.45474076    
   17.0502949      -1.50250196    
   17.0602951      -1.55009627    
   17.0702953      -1.59750581    
   17.0802956      -1.64471269    
   17.0902958      -1.69169307    
   17.1002960      -1.73842907    
   17.1102962      -1.78490281    
   17.1202965      -1.83109045    
   17.1302967      -1.87697411    
   17.1402969      -1.92252994    
   17.1502972      -1.96772814    
   17.1602974      -2.01254487    
   17.1702976      -2.05695629    
   17.1802979      -2.10093260    
   17.1902981      -2.14444399    
   17.2002983      -2.18746066    
   17.2102985      -2.22995281    
   17.2202988      -2.27189064    
   17.2302990      -2.31324148    
   17.2402992      -2.35397220    
   17.2502995      -2.39405036    
   17.2602997      -2.43344307    
   17.2702999      -2.47211456    
   17.2803001      -2.51003218    
   17.2903004      -2.54715991    
   17.3003006      -2.58345914    
   17.3103008      -2.61889696    
   17.3203011      -2.65343785    
   17.3303013      -2.68704295    
   17.3403015      -2.71967649    
   17.3503017      -2.75130582    
   17.3603020      -2.78189492    
   17.3703022      -2.81140804    
   17.3803024      -2.83980966    
   17.3903027      -2.86706400    
   17.4003029      -2.89314103    
   17.4103031      -2.91800809    
   17.4203033      -2.94163227    
   17.4303036      -2.96398401    
   17.4403038      -2.98503351    
   17.4503040      -3.00475216    
   17.4603043      -3.02311492    
   17.4703045      -3.04009628    
   17.4803047      -3.05567241    
   17.4903049      -3.06982255    
   17.5003052      -3.08252645    
   17.5103054      -3.09376645    
   17.5203056      -3.10352612    
   17.5303059      -3.11179090    
   17.5403061      -3.11854935    
   17.5503063      -3.12379146    
   17.5603065      -3.12750936    
   17.5703068      -3.12969851    
   17.5803070      -3.13035417    
   17.5903072      -3.12947679    
   17.6003075      -3.12706685    
   17.6103077      -3.12312841    
   17.6203079      -3.11766672    
   17.6303082      -3.11068964    
   17.6403084      -3.10220790    
   17.6503086      -3.09223318    
   17.6603088      -3.08077931    
   17.6703091      -3.06786466    
   17.6803093      -3.05350733    
   17.6903095      -3.03772545    
   17.7003098      -3.02054143    
   17.7103100      -3.00198054    
   17.7203102      -2.98206663    
   17.7303104      -2.96082664    
   17.7403107      -2.93828702    
   17.7503109      -2.91447949    
   17.7603111      -2.88943648    
   17.7703114      -2.86318660    
   17.7803116      -2.83576250    
   17.7903118      -2.80719995    
   17.8003120      -2.77753186    
   17.8103123      -2.74679065    
   17.8203125      -2.71501255    
   17.8303127      -2.68223286    
   17.8403130      -2.64848781    
   17.8503132      -2.61381578    
   17.8603134      -2.57825255    
   17.8703136      -2.54183125    
   17.8803139      -2.50458717    
   17.8903141      -2.46655655    
   17.9003143      -2.42777467    
   17.9103146      -2.38827777    
   17.9203148      -2.34810114    
   17.9303150      -2.30727792    
   17.9403152      -2.26584077    
   17.9503155      -2.22381949    
   17.9603157      -2.18124986    
   17.9703159      -2.13816166    
   17.9803162      -2.09458470    
   17.9903164      -2.05054879    
   18.0003166      -2.00607777    
   18.0103168      -1.96120143    
   18.0203171      -1.91594958    
   18.0303173      -1.87034607    
   18.0403175      -1.82441473    
   18.0503178      -1.77817941    
   18.0603180      -1.73166394    
   18.0703182      -1.68489218    
   18.0803185      -1.63788199    
   18.0903187      -1.59065127    
   18.1003189      -1.54321790    
   18.1103191      -1.49559975    
   18.1203194      -1.44781470    
   18.1303196      -1.39988065    
   18.1403198      -1.35180950    
   18.1503201      -1.30361319    
   18.1603203      -1.25530362    
   18.1703205      -1.20689273    
   18.1803207      -1.15839243    
   18.1903210      -1.10981464    
   18.2003212      -1.06117129    
   18.2103214      -1.01246834    
   18.2203217     -0.963711739    
   18.2303219     -0.914913416    
   18.2403221     -0.866079330    
   18.2503223     -0.817209482    
   18.2603226     -0.768309832    
   18.2703228     -0.719386339    
   18.2803230     -0.670444965    
   18.2903233     -0.621491671    
   18.3003235     -0.572526455    
   18.3103237     -0.523549318    
   18.3203239     -0.474566221    
   18.3303242     -0.425577164    
   18.3403244     -0.376582146    
   18.3503246     -0.327587128    
   18.3603249     -0.278592110    
   18.3703251     -0.229597092    
   18.3803253     -0.180602074    
   18.3903255     -0.131607056    
   18.4003258      -8.26120377E-02
   18.4103260      -3.36170197E-02
   18.4203262       1.53779984E-02
   18.4303265       6.43730164E-02
   18.4403267      0.113368034    
   18.4503269      0.162363052    
   18.4603271      0.211358070    
   18.4703274      0.260353088    
   18.4803276      0.309348106    
   18.4903278      0.358343124    
   18.5003281      0.407338142    
   18.5103283      0.456327200    
   18.5203285      0.505310297    
   18.5303288      0.554287434    
   18.5403290      0.603258610    
   18.5503292      0.652223825    
   18.5603294      0.701171160    
   18.5703297      0.750100613    
   18.5803299      0.799012184    
   18.5903301      0.847893953    
   18.6003304      0.896745920    
   18.6103306      0.945562124    
   18.6203308      0.994330645    
   18.6303310       1.04305148    
   18.6403313       1.09171867    
   18.6503315       1.14032030    
   18.6603317       1.18884444    
   18.6703320       1.23728514    
   18.6803322       1.28563643    
   18.6903324       1.33388042    
   18.7003326       1.38200521    
   18.7103329       1.42999887    
   18.7203331       1.47784352    
   18.7303333       1.52552724    
   18.7403336       1.57303214    
   18.7503338       1.62034035    
   18.7603340       1.66743994    
   18.7703342       1.71430707    
   18.7803345       1.76091790    
   18.7903347       1.80725455    
   18.8003349       1.85329914    
   18.8103352       1.89902782    
   18.8203354       1.94441080    
   18.8303356       1.98942423    
   18.8403358       2.03404427    
   18.8503361       2.07824707    
   18.8603363       2.12200284    
   18.8703365       2.16527581    
   18.8803368       2.20804214    
   18.8903370       2.25027204    
   18.9003372       2.29192972    
   18.9103374       2.33298540    
   18.9203377       2.37340641    
   18.9303379       2.41315961    
   18.9403381       2.45220971    
   18.9503384       2.49052048    
   18.9603386       2.52805948    
   18.9703388       2.56479096    
   18.9803391       2.60067892    
   18.9903393       2.63568759    
   19.0003395       2.66978145    
   19.0103397       2.70292473    
   19.0203400       2.73507833    
   19.0303402       2.76620984    
   19.0403404       2.79628348    
   19.0503407       2.82526326    
   19.0603409       2.85311651    
   19.0703411       2.87980747    
   19.0803413       2.90530324    
   19.0903416       2.92957282    
   19.1003418       2.95258474    
   19.1103420       2.97431064    
   19.1203423       2.99472213    
   19.1303425       3.01378965    
   19.1403427       3.03148794    
   19.1503429       3.04779410    
   19.1603432       3.06268501    
   19.1703434       3.07613921    
   19.1803436       3.08813834    
   19.1903439       3.09866452    
   19.2003441       3.10770273    
   19.2103443       3.11524081    
   19.2203445       3.12126780    
   19.2303448       3.12577415    
   19.2403450       3.12875366    
   19.2503452       3.13020158    
   19.2603455       3.13011646    
   19.2703457       3.12849808    
   19.2803459       3.12534833    
   19.2903461       3.12067246    
   19.3003464       3.11447692    
   19.3103466       3.10677147    
   19.3203468       3.09756708    
   19.3303471       3.08687758    
   19.3403473       3.07471752    
   19.3503475       3.06110239    
   19.3603477       3.04605365    
   19.3703480       3.02959251    
   19.3803482       3.01174092    
   19.3903484       2.99252272    
   19.4003487       2.97196364    
   19.4103489       2.95009470    
   19.4203491       2.92694283    
   19.4303493       2.90253472    
   19.4403496       2.87690473    
   19.4503498       2.85008550    
   19.4603500       2.82210708    
   19.4703503       2.79300523    
   19.4803505       2.76281548    
   19.4903507       2.73157072    
   19.5003510       2.69930673    
   19.5103512       2.66605926    
   19.5203514       2.63186407    
   19.5303516       2.59675694    
   19.5403519       2.56077361    
   19.5503521       2.52394986    
   19.5603523       2.48632145    
   19.5703526       2.44792414    
   19.5803528       2.40879369    
   19.5903530       2.36896586    
   19.6003532       2.32847643    
   19.6103535       2.28735209    
   19.6203537       2.24562883    
   19.6303539       2.20333934    
   19.6403542       2.16051340    
   19.6503544       2.11718678    
   19.6603546       2.07338333    
   19.6703548       2.02913284    
   19.6803551       1.98446512    
   19.6903553       1.93940401    
   19.7003555       1.89397931    
   19.7103558       1.84821486    
   19.7203560       1.80213451    
   19.7303562       1.75576210    
   19.7403564       1.70911551    
   19.7503567       1.66221857    
   19.7603569       1.61509514    
   19.7703571       1.56776309    
   19.7803574       1.52024031    
   19.7903576       1.47253871    
   19.8003578       1.42467618    
   19.8103580       1.37667060    
   19.8203583       1.32853389    
   19.8303585       1.28027797    
   19.8403587       1.23191476    
   19.8503590       1.18346214    
   19.8603592       1.13492608    
   19.8703594       1.08631253    
   19.8803596       1.03763342    
   19.8903599      0.988900661    
   19.9003601      0.940120220    
   19.9103603      0.891298056    
   19.9203606      0.842440128    
   19.9303608      0.793552399    
   19.9403610      0.744640827    
   19.9503613      0.695711374    
   19.9603615      0.646764040    
   19.9703617      0.597798824    
   19.9803619      0.548827648    
   19.9903622      0.499850512    
   20.0003624      0.450861454    
   20.0103626      0.401866436    
   20.0203629      0.352871418    
   20.0303631      0.303876400    
   20.0403633      0.254881382    
