   0.00000000       19.5951996    
   9.99999978E-03   19.5807953    
   1.99999996E-02   19.5567875    
   2.99999993E-02   19.5231781    
   3.99999991E-02   19.4799633    
   4.99999970E-02   19.4271488    
   5.99999949E-02   19.3647327    
   6.99999928E-02   19.2927170    
   7.99999908E-02   19.2111053    
   8.99999887E-02   19.1198978    
   9.99999866E-02   19.0191059    
  0.109999985       18.9087353    
  0.119999982       18.7887936    
  0.129999980       18.6592999    
  0.139999986       18.5202675    
  0.149999991       18.3717175    
  0.159999996       18.2136784    
  0.170000002       18.0461826    
  0.180000007       17.8692627    
  0.190000013       17.6829662    
  0.200000018       17.4873409    
  0.210000023       17.2824478    
  0.220000029       17.0683537    
  0.230000034       16.8451366    
  0.240000039       16.6128845    
  0.250000030       16.3717003    
  0.260000020       16.1216946    
  0.270000011       15.8629942    
  0.280000001       15.5957384    
  0.289999992       15.3200798    
  0.299999982       15.0361948    
  0.309999973       14.7442684    
  0.319999963       14.4445095    
  0.329999954       14.1371403    
  0.339999944       13.8224058    
  0.349999934       13.5005722    
  0.359999925       13.1719255    
  0.369999915       12.8367777    
  0.379999906       12.4954567    
  0.389999896       12.1483192    
  0.399999887       11.7957430    
  0.409999877       11.4381313    
  0.419999868       11.0759153    
  0.429999858       10.7095451    
  0.439999849       10.3395033    
  0.449999839       9.96628952    
  0.459999830       9.59043217    
  0.469999820       9.21248913    
  0.479999810       8.83303547    
  0.489999801       8.45267391    
  0.499999791       8.07203102    
  0.509999812       7.69175100    
  0.519999802       7.31250381    
  0.529999793       6.93497801    
  0.539999783       6.55987787    
  0.549999774       6.18793011    
  0.559999764       5.81987143    
  0.569999754       5.45644999    
  0.579999745       5.09842873    
  0.589999735       4.74657726    
  0.599999726       4.40166759    
  0.609999716       4.06447744    
  0.619999707       3.73578644    
  0.629999697       3.41636562    
  0.639999688       3.10698462    
  0.649999678       2.80839968    
  0.659999669       2.52135682    
  0.669999659       2.24658418    
  0.679999650       1.98479319    
  0.689999640       1.73666823    
  0.699999630       1.50286973    
  0.709999621       1.28402936    
  0.719999611       1.08074319    
  0.729999602      0.893571854    
  0.739999592      0.723039925    
  0.749999583      0.569627523    
  0.759999573      0.433768123    
  0.769999564      0.315854192    
  0.779999554      0.216223404    
  0.789999545      0.135165483    
  0.799999535       7.29152188E-02
  0.809999526       2.96572223E-02
  0.819999516       5.51648159E-03
  0.829999506       5.63097012E-04
  0.839999497       1.48134232E-02
  0.849999487       4.82242368E-02
  0.859999478      0.100698568    
  0.869999468      0.172082216    
  0.879999459      0.262167215    
  0.889999449      0.370690733    
  0.899999440      0.497339666    
  0.909999430      0.641750693    
  0.919999421      0.803511381    
  0.929999411      0.982163846    
  0.939999402       1.17720687    
  0.949999392       1.38809836    
  0.959999382       1.61426008    
  0.969999373       1.85507643    
  0.979999363       2.10990453    
  0.989999354       2.37806964    
  0.999999344       2.65887523    
   1.00999939       2.95160151    
   1.01999938       3.25551033    
   1.02999938       3.56985044    
   1.03999937       3.89386034    
   1.04999936       4.22676611    
   1.05999935       4.56779385    
   1.06999934       4.91616535    
   1.07999933       5.27110577    
   1.08999932       5.63184166    
   1.09999931       5.99760723    
   1.10999930       6.36764717    
   1.11999929       6.74121523    
   1.12999928       7.11758375    
   1.13999927       7.49603367    
   1.14999926       7.87587070    
   1.15999925       8.25641441    
   1.16999924       8.63700581    
   1.17999923       9.01701069    
   1.18999922       9.39581203    
   1.19999921       9.77282238    
   1.20999920       10.1474733    
   1.21999919       10.5192242    
   1.22999918       10.8875570    
   1.23999918       11.2519798    
   1.24999917       11.6120281    
   1.25999916       11.9672575    
   1.26999915       12.3172550    
   1.27999914       12.6616287    
   1.28999913       13.0000105    
   1.29999912       13.3320589    
   1.30999911       13.6574507    
   1.31999910       13.9758883    
   1.32999909       14.2870932    
   1.33999908       14.5908136    
   1.34999907       14.8868103    
   1.35999906       15.1748734    
   1.36999905       15.4548006    
   1.37999904       15.7264166    
   1.38999903       15.9895544    
   1.39999902       16.2440681    
   1.40999901       16.4898224    
   1.41999900       16.7266979    
   1.42999899       16.9545937    
   1.43999898       17.1734066    
   1.44999897       17.3830585    
   1.45999897       17.5834770    
   1.46999896       17.7745972    
   1.47999895       17.9563618    
   1.48999894       18.1287231    
   1.49999893       18.2916451    
   1.50999892       18.4450932    
   1.51999891       18.5890369    
   1.52999890       18.7234535    
   1.53999889       18.8483257    
   1.54999888       18.9636345    
   1.55999887       19.0693741    
   1.56999886       19.1655293    
   1.57999885       19.2520943    
   1.58999884       19.3290672    
   1.59999883       19.3964405    
   1.60999882       19.4542122    
   1.61999881       19.5023823    
   1.62999880       19.5409508    
   1.63999879       19.5699177    
   1.64999878       19.5892792    
   1.65999877       19.5990391    
   1.66999876       19.5991955    
   1.67999876       19.5897484    
   1.68999875       19.5706997    
   1.69999874       19.5420475    
   1.70999873       19.5037918    
   1.71999872       19.4559345    
   1.72999871       19.3984756    
   1.73999870       19.3314152    
   1.74999869       19.2547569    
   1.75999868       19.1685028    
   1.76999867       19.0726604    
   1.77999866       18.9672356    
   1.78999865       18.8522358    
   1.79999864       18.7276764    
   1.80999863       18.5935707    
   1.81999862       18.4499359    
   1.82999861       18.2968006    
   1.83999860       18.1341877    
   1.84999859       17.9621334    
   1.85999858       17.7806759    
   1.86999857       17.5898628    
   1.87999856       17.3897495    
   1.88999856       17.1803989    
   1.89999855       16.9618835    
   1.90999854       16.7342873    
   1.91999853       16.4977055    
   1.92999852       16.2522392    
   1.93999851       15.9980125    
   1.94999850       15.7351561    
   1.95999849       15.4638166    
   1.96999848       15.1841574    
   1.97999847       14.8963575    
   1.98999846       14.6006145    
   1.99999845       14.2971449    
   2.00999856       13.9861813    
   2.01999855       13.6679802    
   2.02999854       13.3428154    
   2.03999853       13.0109835    
   2.04999852       12.6728067    
   2.05999851       12.3286285    
   2.06999850       11.9788122    
   2.07999849       11.6237497    
   2.08999848       11.2638559    
   2.09999847       10.8995724    
   2.10999846       10.5313654    
   2.11999846       10.1597223    
   2.12999845       9.78516197    
   2.13999844       9.40822506    
   2.14999843       9.02947521    
   2.15999842       8.64950466    
   2.16999841       8.26892376    
   2.17999840       7.88837242    
   2.18999839       7.50850391    
   2.19999838       7.12999868    
   2.20999837       6.75355291    
   2.21999836       6.37988234    
   2.22999835       6.00971699    
   2.23999834       5.64380121    
   2.24999833       5.28288984    
   2.25999832       4.92774963    
   2.26999831       4.57915068    
   2.27999830       4.23787022    
   2.28999829       3.90468645    
   2.29999828       3.58037400    
   2.30999827       3.26570439    
   2.31999826       2.96144056    
   2.32999825       2.66833448    
   2.33999825       2.38712597    
   2.34999824       2.11853337    
   2.35999823       1.86325526    
   2.36999822       1.62196589    
   2.37999821       1.39531231    
   2.38999820       1.18390799    
   2.39999819      0.988333404    
   2.40999818      0.809132993    
   2.41999817      0.646808028    
   2.42999816      0.501818717    
   2.43999815      0.374577492    
   2.44999814      0.265450001    
   2.45999813      0.174754009    
   2.46999812      0.102750018    
   2.47999811       4.96506691E-02
   2.48999810       1.56090027E-02
   2.49999809       7.26652157E-04
   2.50999808       5.04684448E-03
   2.51999807       2.85567287E-02
   2.52999806       7.11873770E-02
   2.53999805      0.132814959    
   2.54999804      0.213257223    
   2.55999804      0.312280506    
   2.56999803      0.429597467    
   2.57999802      0.564871609    
   2.58999801      0.717713892    
   2.59999800      0.887689710    
   2.60999799       1.07432139    
   2.61999798       1.27708530    
   2.62999797       1.49542439    
   2.63999796       1.72873938    
   2.64999795       1.97640276    
   2.65999794       2.23775578    
   2.66999793       2.51211119    
   2.67999792       2.79876161    
   2.68999791       3.09697866    
   2.69999790       3.40601611    
   2.70999789       3.72511911    
   2.71999788       4.05351686    
   2.72999787       4.39043951    
   2.73999786       4.73510742    
   2.74999785       5.08674383    
   2.75999784       5.44457579    
   2.76999784       5.80783176    
   2.77999783       6.17575121    
   2.78999782       6.54758453    
   2.79999781       6.92259216    
   2.80999780       7.30005026    
   2.81999779       7.67925167    
   2.82999778       8.05950832    
   2.83999777       8.44015121    
   2.84999776       8.82053280    
   2.85999775       9.20002651    
   2.86999774       9.57803154    
   2.87999773       9.95396614    
   2.88999772       10.3272791    
   2.89999771       10.6974392    
   2.90999770       11.0639400    
   2.91999769       11.4263058    
   2.92999768       11.7840786    
   2.93999767       12.1368313    
   2.94999766       12.4841614    
   2.95999765       12.8256836    
   2.96999764       13.1610479    
   2.97999763       13.4899187    
   2.98999763       13.8119869    
   2.99999762       14.1269646    
   3.00999761       14.4345875    
   3.01999760       14.7346087    
   3.02999759       15.0268011    
   3.03999758       15.3109608    
   3.04999757       15.5868959    
   3.05999756       15.8544369    
   3.06999755       16.1134262    
   3.07999754       16.3637238    
   3.08999753       16.6052055    
   3.09999752       16.8377552    
   3.10999751       17.0612755    
   3.11999750       17.2756767    
   3.12999749       17.4808788    
   3.13999748       17.6768169    
   3.14999747       17.8634262    
   3.15999746       18.0406590    
   3.16999745       18.2084732    
   3.17999744       18.3668270    
   3.18999743       18.5156937    
   3.19999743       18.6550446    
   3.20999742       18.7848587    
   3.21999741       18.9051170    
   3.22999740       19.0158081    
   3.23999739       19.1169205    
   3.24999738       19.2084465    
   3.25999737       19.2903786    
   3.26999736       19.3627148    
   3.27999735       19.4254513    
   3.28999734       19.4785843    
   3.29999733       19.5221195    
   3.30999732       19.5560493    
   3.31999731       19.5803776    
   3.32999730       19.5951023    
   3.33999729       19.6002216    
   3.34999728       19.5957413    
   3.35999727       19.5816574    
   3.36999726       19.5579700    
   3.37999725       19.5246792    
   3.38999724       19.4817867    
   3.39999723       19.4292927    
   3.40999722       19.3671951    
   3.41999722       19.2954998    
   3.42999721       19.2142067    
   3.43999720       19.1233196    
   3.44999719       19.0228462    
   3.45999718       18.9127941    
   3.46999717       18.7931728    
   3.47999716       18.6639977    
   3.48999715       18.5252819    
   3.49999714       18.3770504    
   3.50999713       18.2193279    
   3.51999712       18.0521469    
   3.52999711       17.8755398    
   3.53999710       17.6895542    
   3.54999709       17.4942379    
   3.55999708       17.2896500    
   3.56999707       17.0758591    
   3.57999706       16.8529415    
   3.58999705       16.6209888    
   3.59999704       16.3800964    
   3.60999703       16.1303768    
   3.61999702       15.8719568    
   3.62999701       15.6049786    
   3.63999701       15.3295927    
   3.64999700       15.0459728    
   3.65999699       14.7543039    
   3.66999698       14.4547939    
   3.67999697       14.1476679    
   3.68999696       13.8331690    
   3.69999695       13.5115614    
   3.70999694       13.1831341    
   3.71999693       12.8481913    
   3.72999692       12.5070648    
   3.73999691       12.1601095    
   3.74999690       11.8077030    
   3.75999689       11.4502459    
   3.76999688       11.0881701    
   3.77999687       10.7219257    
   3.78999686       10.3519897    
   3.79999685       9.97886372    
   3.80999684       9.60308075    
   3.81999683       9.22519016    
   3.82999682       8.84577084    
   3.83999681       8.46542168    
   3.84999681       8.08476925    
   3.85999680       7.70446014    
   3.86999679       7.32516193    
   3.87999678       6.94756079    
   3.88999677       6.57236433    
   3.89999676       6.20029402    
   3.90999675       5.83208561    
   3.91999674       5.46849346    
   3.92999673       5.11027384    
   3.93999672       4.75819778    
   3.94999671       4.41303921    
   3.95999670       4.07557583    
   3.96999669       3.74658465    
   3.97999668       3.42684007    
   3.98999667       3.11710882    
   3.99999666       2.81814981    
   4.00999689       2.53070760    
   4.01999712       2.25551438    
   4.02999735       1.99327695    
   4.03999758       1.74468482    
   4.04999781       1.51039910    
   4.05999804       1.29104948    
   4.06999826       1.08723521    
   4.07999849      0.899519444    
   4.08999872      0.728425562    
   4.09999895      0.574436069    
   4.10999918      0.437987834    
   4.11999941      0.319471091    
   4.12999964      0.219228148    
   4.13999987      0.137549877    
   4.15000010       7.46746063E-02
   4.16000032       3.07834148E-02
   4.17000055       6.00831537E-03
   4.18000078       4.19402117E-04
   4.19000101       1.40353683E-02
   4.20000124       4.68141548E-02
   4.21000147       9.86599699E-02
   4.22000170      0.169422105    
   4.23000193      0.258893788    
   4.24000216      0.366814464    
   4.25000238      0.492872268    
   4.26000261      0.636703849    
   4.27000284      0.797900259    
   4.28000307      0.976004839    
   4.29000330       1.17051625    
   4.30000353       1.38089609    
   4.31000376       1.60656488    
   4.32000399       1.84691036    
   4.33000422       2.10128880    
   4.34000444       2.36902857    
   4.35000467       2.64943099    
   4.36000490       2.94177771    
   4.37000513       3.24533367    
   4.38000536       3.55934429    
   4.39000559       3.88305044    
   4.40000582       4.21567822    
   4.41000605       4.55645370    
   4.42000628       4.90459824    
   4.43000650       5.25933647    
   4.44000673       5.61989498    
   4.45000696       5.98550987    
   4.46000719       6.35542250    
   4.47000742       6.72888899    
   4.48000765       7.10517788    
   4.49000788       7.48357344    
   4.50000811       7.86337662    
   4.51000834       8.24390888    
   4.52000856       8.62451077    
   4.53000879       9.00454617    
   4.54000902       9.38339806    
   4.55000925       9.76047707    
   4.56000948       10.1352139    
   4.57000971       10.5070677    
   4.58000994       10.8755226    
   4.59001017       11.2400818    
   4.60001040       11.6002817    
   4.61001062       11.9556789    
   4.62001085       12.3058567    
   4.63001108       12.6504240    
   4.64001131       12.9890127    
   4.65001154       13.3212748    
   4.66001177       13.6468897    
   4.67001200       13.9655628    
   4.68001223       14.2770138    
   4.69001245       14.5809870    
   4.70001268       14.8772478    
   4.71001291       15.1655798    
   4.72001314       15.4457836    
   4.73001337       15.7176781    
   4.74001360       15.9811010    
   4.75001383       16.2359028    
   4.76001406       16.4819508    
   4.77001429       16.7191257    
   4.78001451       16.9473190    
   4.79001474       17.1664352    
   4.80001497       17.3763943    
   4.81001520       17.5771179    
   4.82001543       17.7685452    
   4.83001566       17.9506245    
   4.84001589       18.1233025    
   4.85001612       18.2865410    
   4.86001635       18.4403038    
   4.87001657       18.5845661    
   4.88001680       18.7193012    
   4.89001703       18.8444920    
   4.90001726       18.9601212    
   4.91001749       19.0661793    
   4.92001772       19.1626530    
   4.93001795       19.2495403    
   4.94001818       19.3268299    
   4.95001841       19.3945236    
   4.96001863       19.4526157    
   4.97001886       19.5011063    
   4.98001909       19.5399952    
   4.99001932       19.5692806    
   5.00001955       19.5889645    
   5.01001978       19.5990429    
   5.02002001       19.5995197    
   5.03002024       19.5903931    
   5.04002047       19.5716648    
   5.05002069       19.5433311    
   5.06002092       19.5053959    
   5.07002115       19.4578590    
   5.08002138       19.4007206    
   5.09002161       19.3339806    
   5.10002184       19.2576427    
   5.11002207       19.1717072    
   5.12002230       19.0761852    
   5.13002253       18.9710789    
   5.14002275       18.8563995    
   5.15002298       18.7321587    
   5.16002321       18.5983696    
   5.17002344       18.4550552    
   5.18002367       18.3022346    
   5.19002390       18.1399384    
   5.20002413       17.9681969    
   5.21002436       17.7870541    
   5.22002459       17.5965538    
   5.23002481       17.3967495    
   5.24002504       17.1877098    
   5.25002527       16.9695015    
   5.26002550       16.7422085    
   5.27002573       16.5059280    
   5.28002596       16.2607613    
   5.29002619       16.0068264    
   5.30002642       15.7442598    
   5.31002665       15.4732046    
   5.32002687       15.1938248    
   5.33002710       14.9062967    
   5.34002733       14.6108208    
   5.35002756       14.3076077    
   5.36002779       13.9968920    
   5.37002802       13.6789274    
   5.38002825       13.3539925    
   5.39002848       13.0223808    
   5.40002871       12.6844120    
   5.41002893       12.3404274    
   5.42002916       11.9907942    
   5.43002939       11.6359024    
   5.44002962       11.2761621    
   5.45002985       10.9120188    
   5.46003008       10.5439329    
   5.47003031       10.1723976    
   5.48003054       9.79792404    
   5.49003077       9.42105675    
   5.50003099       9.04235649    
   5.51003122       8.66241455    
   5.52003145       8.28184319    
   5.53003168       7.90127563    
   5.54003191       7.52137089    
   5.55003214       7.14280605    
   5.56003237       6.76627636    
   5.57003260       6.39249802    
   5.58003283       6.02219963    
   5.59003305       5.65612507    
   5.60003328       5.29503012    
   5.61003351       4.93967962    
   5.62003374       4.59084463    
   5.63003397       4.24930286    
   5.64003420       3.91583037    
   5.65003443       3.59120369    
   5.66003466       3.27619410    
   5.67003489       2.97156453    
   5.68003511       2.67806959    
   5.69003534       2.39644504    
   5.70003557       2.12741327    
   5.71003580       1.87167251    
   5.72003603       1.62989831    
   5.73003626       1.40273893    
   5.74003649       1.19080877    
   5.75003672      0.994688690    
   5.76003695      0.814925194    
   5.77003717      0.652021945    
   5.78003740      0.506438017    
   5.79003763      0.378589272    
   5.80003786      0.268843770    
   5.81003809      0.177519247    
   5.82003832      0.104878567    
   5.83003855       5.11366837E-02
   5.84003878       1.64478067E-02
   5.85003901       9.15908837E-04
   5.86003923       4.58655367E-03
   5.87003946       2.74480581E-02
   5.88003969       6.94338307E-02
   5.89003992      0.130421206    
   5.90004015      0.210230276    
   5.91004038      0.308629721    
   5.92004061      0.425334513    
   5.93004084      0.560006976    
   5.94004107      0.712261617    
   5.95004129      0.881667376    
   5.96004152       1.06774414    
   5.97004175       1.26997185    
   5.98004198       1.48779464    
   5.99004221       1.72061419    
   6.00004244       1.96780443    
   6.01004267       2.22870636    
   6.02004290       2.50263453    
   6.03004313       2.78888273    
   6.04004335       3.08672142    
   6.05004358       3.39540720    
   6.06004381       3.71418333    
   6.07004404       4.04228163    
   6.08004427       4.37892962    
   6.09004450       4.72335005    
   6.10004473       5.07476568    
   6.11004496       5.43240261    
   6.12004519       5.79548883    
   6.13004541       6.16326523    
   6.14004564       6.53497934    
   6.15004587       6.90989304    
   6.16004610       7.28728247    
   6.17004633       7.66643953    
   6.18004656       8.04667473    
   6.19004679       8.42731953    
   6.20004702       8.80772400    
   6.21004725       9.18726158    
   6.22004747       9.56533146    
   6.23004770       9.94135189    
   6.24004793       10.3147640    
   6.25004816       10.6850414    
   6.26004839       11.0516758    
   6.27004862       11.4141903    
   6.28004885       11.7721272    
   6.29004908       12.1250582    
   6.30004930       12.4725752    
   6.31004953       12.8143024    
   6.32004976       13.1498804    
   6.33004999       13.4789772    
   6.34005022       13.8012810    
   6.35005045       14.1165056    
   6.36005068       14.4243841    
   6.37005091       14.7246675    
   6.38005114       15.0171328    
   6.39005136       15.3015699    
   6.40005159       15.5777912    
   6.41005182       15.8456230    
   6.42005205       16.1049099    
   6.43005228       16.3555088    
   6.44005251       16.5972939    
   6.45005274       16.8301525    
   6.46005297       17.0539837    
   6.47005320       17.2686939    
   6.48005342       17.4742126    
   6.49005365       17.6704655    
   6.50005388       17.8573971    
   6.51005411       18.0349503    
   6.52005434       18.2030869    
   6.53005457       18.3617649    
   6.54005480       18.5109558    
   6.55005503       18.6506310    
   6.56005526       18.7807693    
   6.57005548       18.9013538    
   6.58005571       19.0123730    
   6.59005594       19.1138096    
   6.60005617       19.2056637    
   6.61005640       19.2879238    
   6.62005663       19.3605862    
   6.63005686       19.4236488    
   6.64005709       19.4771118    
   6.65005732       19.5209713    
   6.66005754       19.5552292    
   6.67005777       19.5798836    
   6.68005800       19.5949364    
   6.69005823       19.6003838    
   6.70005846       19.5962296    
   6.71005869       19.5824738    
   6.72005892       19.5591125    
   6.73005915       19.5261497    
   6.74005938       19.4835835    
   6.75005960       19.4314156    
   6.76005983       19.3696461    
   6.77006006       19.2982769    
   6.78006029       19.2173119    
   6.79006052       19.1267509    
   6.80006075       19.0266056    
   6.81006098       18.9168777    
   6.82006121       18.7975845    
   6.83006144       18.6687317    
   6.84006166       18.5303421    
   6.85006189       18.3824348    
   6.86006212       18.2250366    
   6.87006235       18.0581779    
   6.88006258       17.8818913    
   6.89006281       17.6962223    
   6.90006304       17.5012226    
   6.91006327       17.2969494    
   6.92006350       17.0834713    
   6.93006372       16.8608646    
   6.94006395       16.6292171    
   6.95006418       16.3886280    
   6.96006441       16.1392117    
   6.97006464       15.8810883    
   6.98006487       15.6143990    
   6.99006510       15.3392963    
   7.00006533       15.0559549    
   7.01006556       14.7645578    
   7.02006578       14.4653149    
   7.03006601       14.1584454    
   7.04006624       13.8441935    
   7.05006647       13.5228262    
   7.06006670       13.1946249    
   7.07006693       12.8598976    
   7.08006716       12.5189734    
   7.09006739       12.1722088    
   7.10006762       11.8199806    
   7.11006784       11.4626875    
   7.12006807       11.1007614    
   7.13006830       10.7346487    
   7.14006853       10.3648300    
   7.15006876       9.99180412    
   7.16006899       9.61609840    
   7.17006922       9.23826885    
   7.18006945       8.85888958    
   7.19006968       8.47856140    
   7.20006990       8.09790707    
   7.21007013       7.71757412    
   7.22007036       7.33822775    
   7.23007059       6.96055651    
   7.24007082       6.58526421    
   7.25007105       6.21307230    
   7.26007128       5.84471893    
   7.27007151       5.48095369    
   7.28007174       5.12253571    
   7.29007196       4.77023554    
   7.30007219       4.42482471    
   7.31007242       4.08708334    
   7.32007265       3.75778580    
   7.33007288       3.43770838    
   7.34007311       3.12761831    
   7.35007334       2.82827401    
   7.36007357       2.54042268    
   7.37007380       2.26479363    
   7.38007402       2.00209832    
   7.39007425       1.75302374    
   7.40007448       1.51823342    
   7.41007471       1.29835796    
   7.42007494       1.09399819    
   7.43007517      0.905718148    
   7.44007540      0.734043658    
   7.45007563      0.579456031    
   7.46007586      0.442395657    
   7.47007608      0.323255062    
   7.48007631      0.222377762    
   7.49007654      0.140054613    
   7.50007677       7.65262842E-02
   7.51007700       3.19797061E-02
   7.52007723       6.54337415E-03
   7.53007746       2.93231016E-04
   7.54007769       1.32467989E-02
   7.55007792       4.53655235E-02
   7.56007814       9.65571180E-02
   7.57007837      0.166670874    
   7.58007860      0.255501181    
   7.59007883      0.362791032    
   7.60007906      0.488229632    
   7.61007929      0.631456077    
   7.62007952      0.792061388    
   7.63007975      0.969591141    
   7.64007998       1.16354656    
   7.65008020       1.37338889    
   7.66008043       1.59854126    
   7.67008066       1.83839262    
   7.68008089       2.09229898    
   7.69008112       2.35958910    
   7.70008135       2.63956642    
   7.71008158       2.93151331    
   7.72008181       3.23469448    
   7.73008204       3.54835820    
   7.74008226       3.87174177    
   7.75008249       4.20407534    
   7.76008272       4.54458284    
   7.77008295       4.89248705    
   7.78008318       5.24701166    
   7.79008341       5.60738420    
   7.80008364       5.97283649    
   7.81008387       6.34261513    
   7.82008410       6.71597290    
   7.83008432       7.09217644    
   7.84008455       7.47051239    
   7.85008478       7.85028028    
   7.86008501       8.23079967    
   7.87008524       8.61141205    
   7.88008547       8.99147797    
   7.89008570       9.37038517    
   7.90008593       9.74753857    
   7.91008615       10.1223707    
   7.92008638       10.4943390    
   7.93008661       10.8629217    
   7.94008684       11.2276306    
   7.95008707       11.5879917    
   7.96008730       11.9435682    
   7.97008753       12.2939386    
   7.98008776       12.6387091    
   7.99008799       12.9775143    
   8.00008774       13.3100042    
   8.01008797       13.6358614    
   8.02008820       13.9547844    
   8.03008842       14.2664948    
   8.04008865       14.5707378    
   8.05008888       14.8672752    
   8.06008911       15.1558895    
   8.07008934       15.4363832    
   8.08008957       15.7085724    
   8.09008980       15.9722948    
   8.10009003       16.2274017    
   8.11009026       16.4737587    
   8.12009048       16.7112465    
   8.13009071       16.9397564    
   8.14009094       17.1591930    
   8.15009117       17.3694744    
   8.16009140       17.5705261    
   8.17009163       17.7622833    
   8.18009186       17.9446907    
   8.19009209       18.1177006    
   8.20009232       18.2812710    
   8.21009254       18.4353695    
   8.22009277       18.5799637    
   8.23009300       18.7150345    
   8.24009323       18.8405609    
   8.25009346       18.9565258    
   8.26009369       19.0629177    
   8.27009392       19.1597290    
   8.28009415       19.2469521    
   8.29009438       19.3245773    
   8.30009460       19.3926086    
   8.31009483       19.4510365    
   8.32009506       19.4998646    
   8.33009529       19.5390892    
   8.34009552       19.5687103    
   8.35009575       19.5887299    
   8.36009598       19.5991459    
   8.37009621       19.5999603    
   8.38009644       19.5911694    
   8.39009666       19.5727768    
   8.40009689       19.5447807    
   8.41009712       19.5071812    
   8.42009735       19.4599800    
   8.43009758       19.4031773    
   8.44009781       19.3367748    
   8.45009804       19.2607727    
   8.46009827       19.1751747    
   8.47009850       19.0799866    
   8.48009872       18.9752159    
   8.49009895       18.8608723    
   8.50009918       18.7369671    
   8.51009941       18.6035137    
   8.52009964       18.4605312    
   8.53009987       18.3080444    
   8.54010010       18.1460800    
   8.55010033       17.9746704    
   8.56010056       17.7938576    
   8.57010078       17.6036854    
   8.58010101       17.4042091    
   8.59010124       17.1954880    
   8.60010147       16.9776001    
   8.61010170       16.7506237    
   8.62010193       16.5146561    
   8.63010216       16.2697983    
   8.64010239       16.0161667    
   8.65010262       15.7538986    
   8.66010284       15.4831343    
   8.67010307       15.2040377    
   8.68010330       14.9167881    
   8.69010353       14.6215801    
   8.70010376       14.3186293    
   8.71010399       14.0081692    
   8.72010422       13.6904488    
   8.73010445       13.3657475    
   8.74010468       13.0343590    
   8.75010490       12.6965990    
   8.76010513       12.3528137    
   8.77010536       12.0033646    
   8.78010559       11.6486425    
   8.79010582       11.2890596    
   8.80010605       10.9250555    
   8.81010628       10.5570927    
   8.82010651       10.1856594    
   8.83010674       9.81127357    
   8.84010696       9.43447208    
   8.85010719       9.05581951    
   8.86010742       8.67590332    
   8.87010765       8.29533482    
   8.88010788       7.91474915    
   8.89010811       7.53480244    
   8.90010834       7.15617085    
   8.91010857       6.77955151    
   8.92010880       6.40565729    
   8.93010902       6.03521633    
   8.94010925       5.66897440    
   8.95010948       5.30768490    
   8.96010971       4.95211220    
   8.97010994       4.60302830    
   8.98011017       4.26121092    
   8.99011040       3.92743468    
   9.00011063       3.60247731    
   9.01011086       3.28711033    
   9.02011108       2.98209763    
   9.03011131       2.68819237    
   9.04011154       2.40613341    
   9.05011177       2.13664246    
   9.06011200       1.88041925    
   9.07011223       1.63814032    
   9.08011246       1.41045403    
   9.09011269       1.19797599    
   9.10011292       1.00129044    
   9.11011314      0.820941687    
   9.12011337      0.657436788    
   9.13011360      0.511237204    
   9.14011383      0.382759929    
   9.15011406      0.272374243    
   9.16011429      0.180397823    
   9.17011452      0.107100584    
   9.18011475       5.26939631E-02
   9.19011497       1.73368454E-02
   9.20011520       1.13554008E-03
   9.21011543       4.13560867E-03
   9.22011566       2.63288748E-02
   9.23011589       6.76499158E-02
   9.24011612      0.127977237    
   9.25011635      0.207135588    
   9.26011658      0.304892510    
   9.27011681      0.420966417    
   9.28011703      0.555022061    
   9.29011726      0.706673920    
   9.30011749      0.875492036    
   9.31011772       1.06099975    
   9.32011795       1.26267850    
   9.33011818       1.47997081    
   9.34011841       1.71228337    
   9.35011864       1.95898759    
   9.36011887       2.21942806    
   9.37011909       2.49292040    
   9.38011932       2.77875757    
   9.39011955       3.07621074    
   9.40011978       3.38453770    
   9.41012001       3.70298195    
   9.42012024       4.03077555    
   9.43012047       4.36714554    
   9.44012070       4.71131563    
   9.45012093       5.06250858    
   9.46012115       5.41994762    
   9.47012138       5.78286600    
   9.48012161       6.15049934    
   9.49012184       6.52209663    
   9.50012207       6.89691973    
   9.51012230       7.27424240    
   9.52012253       7.65335655    
   9.53012276       8.03357315    
   9.54012299       8.41422176    
   9.55012321       8.79465103    
   9.56012344       9.17423820    
   9.57012367       9.55237579    
   9.58012390       9.92848206    
   9.59012413       10.3020020    
   9.60012436       10.6724072    
   9.61012459       11.0391874    
   9.62012482       11.4018612    
   9.63012505       11.7599754    
   9.64012527       12.1130953    
   9.65012550       12.4608183    
   9.66012573       12.8027601    
   9.67012596       13.1385670    
   9.68012619       13.4679022    
   9.69012642       13.7904558    
   9.70012665       14.1059380    
   9.71012688       14.4140806    
   9.72012711       14.7146358    
   9.73012733       15.0073795    
   9.74012756       15.2921028    
   9.75012779       15.5686150    
   9.76012802       15.8367414    
   9.77012825       16.0963287    
   9.78012848       16.3472328    
   9.79012871       16.5893288    
   9.80012894       16.8225002    
   9.81012917       17.0466480    
   9.82012939       17.2616825    
   9.83012962       17.4675236    
   9.84012985       17.6641026    
   9.85013008       17.8513603    
   9.86013031       18.0292416    
   9.87013054       18.1977081    
   9.88013077       18.3567181    
   9.89013100       18.5062389    
   9.90013123       18.6462460    
   9.91013145       18.7767181    
   9.92013168       18.8976364    
   9.93013191       19.0089855    
   9.94013214       19.1107578    
   9.95013237       19.2029438    
   9.96013260       19.2855377    
   9.97013283       19.3585339    
   9.98013306       19.4219322    
   9.99013329       19.4757271    
   10.0001335       19.5199223    
   10.0101337       19.5545139    
   10.0201340       19.5795040    
   10.0301342       19.5948887    
   10.0401344       19.6006718    
   10.0501347       19.5968513    
   10.0601349       19.5834293    
   10.0701351       19.5604019    
   10.0801353       19.5277729    
   10.0901356       19.4855404    
   10.1001358       19.4337063    
   10.1101360       19.3722725    
   10.1201363       19.3012371    
   10.1301365       19.2206059    
   10.1401367       19.1303787    
   10.1501369       19.0305653    
   10.1601372       18.9211731    
   10.1701374       18.8022099    
   10.1801376       18.6736927    
   10.1901379       18.5356331    
   10.2001381       18.3880577    
   10.2101383       18.2309875    
   10.2201385       18.0644550    
   10.2301388       17.8884945    
   10.2401390       17.7031517    
   10.2501392       17.5084743    
   10.2601395       17.3045197    
   10.2701397       17.0913601    
   10.2801399       16.8690681    
   10.2901402       16.6377316    
   10.3001404       16.3974533    
   10.3101406       16.1483402    
   10.3201408       15.8905172    
   10.3301411       15.6241245    
   10.3401413       15.3493147    
   10.3501415       15.0662556    
   10.3601418       14.7751350    
   10.3701420       14.4761591    
   10.3801422       14.1695509    
   10.3901424       13.8555508    
   10.4001427       13.5344219    
   10.4101429       13.2064495    
   10.4201431       12.8719425    
   10.4301434       12.5312243    
   10.4401436       12.1846533    
   10.4501438       11.8326025    
   10.4601440       11.4754753    
   10.4701443       11.1136961    
   10.4801445       10.7477169    
   10.4901447       10.3780136    
   10.5001450       10.0050869    
   10.5101452       9.62946320    
   10.5201454       9.25169277    
   10.5301456       8.87235260    
   10.5401459       8.49204159    
   10.5501461       8.11138344    
   10.5601463       7.73102188    
   10.5701466       7.35162306    
   10.5801468       6.97387362    
   10.5901470       6.59847927    
   10.6001472       6.22616005    
   10.6101475       5.85765266    
   10.6201477       5.49370623    
   10.6301479       5.13508129    
   10.6401482       4.78254652    
   10.6501484       4.43687487    
   10.6601486       4.09884501    
   10.6701488       3.76923227    
   10.6801491       3.44881392    
   10.6901493       3.13835454    
   10.7001495       2.83861637    
   10.7101498       2.55034590    
   10.7201500       2.27427173    
   10.7301502       2.01110673    
   10.7401505       1.76153922    
   10.7501507       1.52623355    
   10.7601509       1.30582201    
   10.7701511       1.10090601    
   10.7801514      0.912050068    
   10.7901516      0.739782155    
   10.8001518      0.584585845    
   10.8101521      0.446902752    
   10.8201523      0.327125490    
   10.8301525      0.225602135    
   10.8401527      0.142623588    
   10.8501530       7.84328729E-02
   10.8601532       3.32180522E-02
   10.8701534       7.10997591E-03
   10.8801537       1.86920166E-04
   10.8901539       1.24687431E-02
   10.9001541       4.39192317E-02
   10.9101543       9.44460854E-02
   10.9201546      0.163900957    
   10.9301548      0.252082884    
   10.9401550      0.358732522    
   10.9501553      0.483543783    
   10.9601555      0.626155674    
   10.9701557      0.786162853    
   10.9801559      0.963110864    
   10.9901562       1.15650308    
   11.0001564       1.36580229    
   11.0101566       1.59043241    
   11.0201569       1.82978261    
   11.0301571       2.08321118    
   11.0401573       2.35004926    
   11.0501575       2.62959886    
   11.0601578       2.92114520    
   11.0701580       3.22394991    
   11.0801582       3.53726435    
   11.0901585       3.86032677    
   11.1001587       4.19236469    
   11.1101589       4.53260517    
   11.1201591       4.88026810    
   11.1301594       5.23457909    
   11.1401596       5.59476471    
   11.1501598       5.96005821    
   11.1601601       6.32970333    
   11.1701603       6.70295238    
   11.1801605       7.07907581    
   11.1901608       7.45735407    
   11.2001610       7.83708858    
   11.2101612       8.21759987    
   11.2201614       8.59822369    
   11.2301617       8.97832394    
   11.2401619       9.35728168    
   11.2501621       9.73450947    
   11.2601624       10.1094351    
   11.2701626       10.4815130    
   11.2801628       10.8502254    
   11.2901630       11.2150774    
   11.3001633       11.5756016    
   11.3101635       11.9313526    
   11.3201637       12.2819118    
   11.3301640       12.6268873    
   11.3401642       12.9659081    
   11.3501644       13.2986269    
   11.3601646       13.6247234    
   11.3701649       13.9438934    
   11.3801651       14.2558594    
   11.3901653       14.5603638    
   11.4001656       14.8571720    
   11.4101658       15.1460667    
   11.4201660       15.4268436    
   11.4301662       15.6993265    
   11.4401665       15.9633474    
   11.4501667       16.2187576    
   11.4601669       16.4654217    
   11.4701672       16.7032185    
   11.4801674       16.9320412    
   11.4901676       17.1517982    
   11.5001678       17.3624001    
   11.5101681       17.5637722    
   11.5201683       17.7558537    
   11.5301685       17.9385872    
   11.5401688       18.1119251    
   11.5501690       18.2758217    
   11.5601692       18.4302464    
   11.5701694       18.5751724    
   11.5801697       18.7105713    
   11.5901699       18.8364277    
   11.6001701       18.9527245    
   11.6101704       19.0594463    
   11.6201706       19.1565895    
   11.6301708       19.2441425    
   11.6401711       19.3221035    
   11.6501713       19.3904629    
   11.6601715       19.4492245    
   11.6701717       19.4983826    
   11.6801720       19.5379391    
   11.6901722       19.5678940    
   11.7001724       19.5882435    
   11.7101727       19.5989914    
   11.7201729       19.6001358    
   11.7301731       19.5916786    
   11.7401733       19.5736179    
   11.7501736       19.5459538    
   11.7601738       19.5086861    
   11.7701740       19.4618168    
   11.7801743       19.4053459    
   11.7901745       19.3392735    
   11.8001747       19.2636032    
   11.8101749       19.1783371    
   11.8201752       19.0834808    
   11.8301754       18.9790421    
   11.8401756       18.8650284    
   11.8501759       18.7414513    
   11.8601761       18.6083241    
   11.8701763       18.4656715    
   11.8801765       18.3135071    
   11.8901768       18.1518631    
   11.9001770       17.9807739    
   11.9101772       17.8002796    
   11.9201775       17.6104240    
   11.9301777       17.4112625    
   11.9401779       17.2028561    
   11.9501781       16.9852753    
   11.9601784       16.7586060    
   11.9701786       16.5229378    
   11.9801788       16.2783775    
   11.9901791       16.0250416    
   12.0001793       15.7630625    
   12.0101795       15.4925852    
   12.0201797       15.2137699    
   12.0301800       14.9267960    
   12.0401802       14.6318569    
   12.0501804       14.3291674    
   12.0601807       14.0189590    
   12.0701809       13.7014847    
   12.0801811       13.3770170    
   12.0901814       13.0458517    
   12.1001816       12.7083054    
   12.1101818       12.3647175    
   12.1201820       12.0154562    
   12.1301823       11.6609077    
   12.1401825       11.3014832    
   12.1501827       10.9376221    
   12.1601830       10.5697861    
   12.1701832       10.1984673    
   12.1801834       9.82417393    
   12.1901836       9.44744396    
   12.2001839       9.06884289    
   12.2101841       8.68895912    
   12.2201843       8.30840302    
   12.2301846       7.92780638    
   12.2401848       7.54782581    
   12.2501850       7.16913748    
   12.2601852       6.79243612    
   12.2701855       6.41843557    
   12.2801857       6.04786396    
   12.2901859       5.68146420    
   12.3001862       5.31999111    
   12.3101864       4.96420956    
   12.3201866       4.61488962    
   12.3301868       4.27280951    
   12.3401871       3.93874335    
   12.3501873       3.61347055    
   12.3601875       3.29776239    
   12.3701878       2.99238157    
   12.3801880       2.69808292    
   12.3901882       2.41560555    
   12.4001884       2.14567184    
   12.4101887       1.88898253    
   12.4201889       1.64621413    
   12.4301891       1.41801608    
   12.4401894       1.20500660    
   12.4501896       1.00776958    
   12.4601898      0.826853037    
   12.4701900      0.662761688    
   12.4801903      0.515961587    
   12.4901905      0.386869848    
   12.5001907      0.275857955    
   12.5101910      0.183246017    
   12.5201912      0.109302737    
   12.5301914       5.42454012E-02
   12.5401917       1.82328951E-02
   12.5501919       1.37269497E-03
   12.5601921       3.71387019E-03
   12.5701923       2.52494104E-02
   12.5801926       6.59162328E-02
   12.5901928      0.125594005    
   12.6001930      0.204109818    
   12.6101933      0.301233530    
   12.6201935      0.416684777    
   12.6301937      0.550129414    
   12.6401939      0.701185465    
   12.6501942      0.869421780    
   12.6601944       1.05436528    
   12.6701946       1.25549960    
   12.6801949       1.47226620    
   12.6901951       1.70407403    
   12.7001953       1.95029700    
   12.7101955       2.21027851    
   12.7201958       2.48333502    
   12.7301960       2.76876092    
   12.7401962       3.06583071    
   12.7501965       3.37379932    
   12.7601967       3.69191051    
   12.7701969       4.01939821    
   12.7801971       4.35548973    
   12.7901974       4.69940805    
   12.8001976       5.05037403    
   12.8101978       5.40761471    
   12.8201981       5.77035999    
   12.8301983       6.13784742    
   12.8401985       6.50932312    
   12.8501987       6.88405037    
   12.8601990       7.26130295    
   12.8701992       7.64037132    
   12.8801994       8.02056599    
   12.8901997       8.40121460    
   12.9001999       8.78166580    
   12.9102001       9.16129398    
   12.9202003       9.53949070    
   12.9302006       9.91567612    
   12.9402008       10.2892914    
   12.9502010       10.6598082    
   12.9602013       11.0267172    
   12.9702015       11.3895378    
   12.9802017       11.7478132    
   12.9902020       12.1011105    
   13.0002022       12.4490232    
   13.0102024       12.7911692    
   13.0202026       13.1271906    
   13.0302029       13.4567518    
   13.0402031       13.7795420    
   13.0502033       14.0952711    
   13.0602036       14.4036713    
   13.0702038       14.7044935    
   13.0802040       14.9975119    
   13.0902042       15.2825155    
   13.1002045       15.5593195    
   13.1102047       15.8277426    
   13.1202049       16.0876293    
   13.1302052       16.3388386    
   13.1402054       16.5812435    
   13.1502056       16.8147297    
   13.1602058       17.0391941    
   13.1702061       17.2545471    
   13.1802063       17.4607086    
   13.1902065       17.6576099    
   13.2002068       17.8451920    
   13.2102070       18.0234013    
   13.2202072       18.1921940    
   13.2302074       18.3515320    
   13.2402077       18.5013809    
   13.2502079       18.6417198    
   13.2602081       18.7725201    
   13.2702084       18.8937683    
   13.2802086       19.0054512    
   13.2902088       19.1075535    
   13.3002090       19.2000713    
   13.3102093       19.2829971    
   13.3202095       19.3563251    
   13.3302097       19.4200535    
   13.3402100       19.4741802    
   13.3502102       19.5187073    
   13.3602104       19.5536308    
   13.3702106       19.5789528    
   13.3802109       19.5946693    
   13.3902111       19.6007824    
   13.4002113       19.5972958    
   13.4102116       19.5842037    
   13.4202118       19.5615101    
   13.4302120       19.5292130    
   13.4402122       19.4873123    
   13.4502125       19.4358101    
   13.4602127       19.3747063    
   13.4702129       19.3040028    
   13.4802132       19.2237034    
   13.4902134       19.1338081    
   13.5002136       19.0343266    
   13.5102139       18.9252644    
   13.5202141       18.8066311    
   13.5302143       18.6784439    
   13.5402145       18.5407162    
   13.5502148       18.3934689    
   13.5602150       18.2367268    
   13.5702152       18.0705204    
   13.5802155       17.8948860    
   13.5902157       17.7098675    
   13.6002159       17.5155125    
   13.6102161       17.3118820    
   13.6202164       17.0990410    
   13.6302166       16.8770638    
   13.6402168       16.6460400    
   13.6502171       16.4060688    
   13.6602173       16.1572609    
   13.6702175       15.8997383    
   13.6802177       15.6336374    
   13.6902180       15.3591156    
   13.7002182       15.0763397    
   13.7102184       14.7854977    
   13.7202187       14.4867926    
   13.7302189       14.1804438    
   13.7402191       13.8666983    
   13.7502193       13.5458145    
   13.7602196       13.2180786    
   13.7702198       12.8837948    
   13.7802200       12.5432920    
   13.7902203       12.1969223    
   13.8002205       11.8450603    
   13.8102207       11.4881067    
   13.8202209       11.1264849    
   13.8302212       10.7606487    
   13.8402214       10.3910685    
   13.8502216       10.0182495    
   13.8602219       9.64271259    
   13.8702221       9.26501083    
   13.8802223       8.88571835    
   13.8902225       8.50543404    
   13.9002228       8.12477970    
   13.9102230       7.74439812    
   13.9202232       7.36495733    
   13.9302235       6.98714113    
   13.9402237       6.61165380    
   13.9502239       6.23921633    
   13.9602242       5.87056446    
   13.9702244       5.50644636    
   13.9802246       5.14762354    
   13.9902248       4.79486322    
   14.0002251       4.44893932    
   14.0102253       4.11062908    
   14.0202255       3.78070927    
   14.0302258       3.45995426    
   14.0402260       3.14913416    
   14.0502262       2.84900570    
   14.0602264       2.56031919    
   14.0702267       2.28380346    
   14.0802269       2.02017236    
   14.0902271       1.77011526    
   14.1002274       1.53429687    
   14.1102276       1.31334901    
   14.1202278       1.10787702    
   14.1302280      0.918446243    
   14.1402283      0.745583653    
   14.1502285      0.589777529    
   14.1602287      0.451468289    
   14.1702290      0.331053138    
   14.1802292      0.228879079    
   14.1902294      0.145240471    
   14.2002296       8.03815126E-02
   14.2102299       3.44926119E-02
   14.2202301       7.70812063E-03
   14.2302303       1.03974344E-04
   14.2402306       1.17058754E-02
   14.2502308       4.24787775E-02
   14.2602310       9.23315510E-02
   14.2702312      0.161118180    
   14.2802315      0.248638868    
   14.2902317      0.354638964    
   14.3002319      0.478810042    
   14.3102322      0.620798111    
   14.3202324      0.780194283    
   14.3302326      0.956548810    
   14.3402328       1.14936507    
   14.3502331       1.35810816    
   14.3602333       1.58220327    
   14.3702335       1.82104051    
   14.3802338       2.07397985    
   14.3902340       2.34035158    
   14.4002342       2.61945963    
   14.4102345       2.91058898    
   14.4202347       3.21300340    
   14.4302349       3.52595448    
   14.4402351       3.84867930    
   14.4502354       4.18040895    
   14.4602356       4.52036619    
   14.4702358       4.86777496    
   14.4802361       5.22185898    
   14.4902363       5.58184528    
   14.5002365       5.94696569    
   14.5102367       6.31646347    
   14.5202370       6.68959236    
   14.5302372       7.06562090    
   14.5402374       7.44383049    
   14.5502377       7.82352018    
   14.5602379       8.20400906    
   14.5702381       8.58463669    
   14.5802383       8.96476269    
   14.5902386       9.34376907    
   14.6002388       9.72106266    
   14.6102390       10.0960722    
   14.6202393       10.4682560    
   14.6302395       10.8370914    
   14.6402397       11.2020826    
   14.6502399       11.5627623    
   14.6602402       11.9186840    
   14.6702404       12.2694283    
   14.6802406       12.6146002    
   14.6902409       12.9538279    
   14.7002411       13.2867670    
   14.7102413       13.6130943    
   14.7202415       13.9325075    
   14.7302418       14.2447262    
   14.7402420       14.5494938    
   14.7502422       14.8465700    
   14.7602425       15.1357393    
   14.7702427       15.4167995    
   14.7802429       15.6895695    
   14.7902431       15.9538841    
   14.8002434       16.2095909    
   14.8102436       16.4565582    
   14.8202438       16.6946640    
   14.8302441       16.9237995    
   14.8402443       17.1438694    
   14.8502445       17.3547897    
   14.8602448       17.5564823    
   14.8702450       17.7488880    
   14.8802452       17.9319458    
   14.8902454       18.1056080    
   14.9002457       18.2698345    
   14.9102459       18.4245911    
   14.9202461       18.5698471    
   14.9302464       18.7055798    
   14.9402466       18.8317661    
   14.9502468       18.9483967    
   14.9602470       19.0554543    
   14.9702473       19.1529293    
   14.9802475       19.2408161    
   14.9902477       19.3191090    
   15.0002480       19.3878040    
   15.0102482       19.4468994    
   15.0202484       19.4963913    
   15.0302486       19.5362835    
   15.0402489       19.5665703    
   15.0502491       19.5872555    
   15.0602493       19.5983372    
   15.0702496       19.5998173    
   15.0802498       19.5916939    
   15.0902500       19.5739651    
   15.1002502       19.5466366    
   15.1102505       19.5097027    
   15.1202507       19.4631672    
   15.1302509       19.4070301    
   15.1402512       19.3412914    
   15.1502514       19.2659569    
   15.1602516       19.1810226    
   15.1702518       19.0865021    
   15.1802521       18.9823952    
   15.1902523       18.8687153    
   15.2002525       18.7454700    
   15.2102528       18.6126747    
   15.2202530       18.4703503    
   15.2302532       18.3185158    
   15.2402534       18.1571999    
   15.2502537       17.9864368    
   15.2602539       17.8062668    
   15.2702541       17.6167374    
   15.2802544       17.4178982    
   15.2902546       17.2098122    
   15.3002548       16.9925518    
   15.3102551       16.7661972    
   15.3202553       16.5308418    
   15.3302555       16.2865906    
   15.3402557       16.0335598    
   15.3502560       15.7718801    
   15.3602562       15.5016966    
   15.3702564       15.2231684    
   15.3802567       14.9364758    
   15.3902569       14.6418095    
   15.4002571       14.3393841    
   15.4102573       14.0294333    
   15.4202576       13.7122059    
   15.4302578       13.3879747    
   15.4402580       13.0570354    
   15.4502583       12.7197027    
   15.4602585       12.3763189    
   15.4702587       12.0272455    
   15.4802589       11.6728725    
   15.4902592       11.3136101    
   15.5002594       10.9498959    
   15.5102596       10.5821934    
   15.5202599       10.2109861    
   15.5302601       9.83678818    
   15.5402603       9.46013832    
   15.5502605       9.08159733    
   15.5602608       8.70175076    
   15.5702610       8.32121086    
   15.5802612       7.94060946    
   15.5902615       7.56060076    
   15.6002617       7.18186188    
   15.6102619       6.80508709    
   15.6202621       6.43098736    
   15.6302624       6.06029177    
   15.6402626       5.69374275    
   15.6502628       5.33209419    
   15.6602631       4.97611189    
   15.6702633       4.62656498    
   15.6802635       4.28423023    
   15.6902637       3.94988489    
   15.7002640       3.62430501    
   15.7102642       3.30826259    
   15.7202644       3.00252318    
   15.7302647       2.70783997    
   15.7402649       2.42495394    
   15.7502651       2.15458679    
   15.7602654       1.89743948    
   15.7702656       1.65419209    
   15.7802658       1.42549181    
   15.7902660       1.21195996    
   15.8002663       1.01418209    
   15.8102665      0.832704842    
   15.8202667      0.668037474    
   15.8302670      0.520645082    
   15.8402672      0.390948206    
   15.8502674      0.279318303    
   15.8602676      0.186079025    
   15.8702679      0.111500219    
   15.8802681       5.58003448E-02
   15.8902683       1.91406254E-02
   15.9002686       1.63087843E-03
   15.9102688       3.32016940E-03
   15.9202690       2.42049936E-02
   15.9302692       6.42246008E-02
   15.9402695      0.123259835    
   15.9502697      0.201140121    
   15.9602699      0.297636479    
   15.9702702      0.412469715    
   15.9802704      0.545309246    
   15.9902706      0.695772946    
   16.0002708      0.863432169    
   16.0102711       1.04781604    
   16.0202713       1.24840832    
   16.0302715       1.46465266    
   16.0402718       1.69595826    
   16.0502720       1.94169986    
   16.0602722       2.20122337    
   16.0702724       2.47384644    
   16.0802727       2.75886106    
   16.0902729       3.05554438    
   16.1002731       3.36315179    
   16.1102734       3.68092656    
   16.1202736       4.00810480    
   16.1302738       4.34391260    
   16.1402740       4.68757343    
   16.1502743       5.03830814    
   16.1602745       5.39534426    
   16.1702747       5.75790977    
   16.1802750       6.12524319    
   16.1902752       6.49659157    
   16.2002754       6.87121487    
   16.2102757       7.24838686    
   16.2202759       7.62739897    
   16.2302761       8.00756073    
   16.2402763       8.38819790    
   16.2502766       8.76866150    
   16.2602768       9.14832020    
   16.2702770       9.52657223    
   16.2802773       9.90283203    
   16.2902775       10.2765436    
   16.3002777       10.6471710    
   16.3102779       11.0142078    
   16.3202782       11.3771706    
   16.3302784       11.7356033    
   16.3402786       12.0890732    
   16.3502789       12.4371700    
   16.3602791       12.7795143    
   16.3702793       13.1157436    
   16.3802795       13.4455242    
   16.3902798       13.7685423    
   16.4002800       14.0845079    
   16.4102802       14.3931541    
   16.4202805       14.6942310    
   16.4302807       14.9875088    
   16.4402809       15.2727814    
   16.4502811       15.5498543    
   16.4602814       15.8185530    
   16.4702816       16.0787220    
   16.4802818       16.3302174    
   16.4902821       16.5729122    
   16.5002823       16.8066902    
   16.5102825       17.0314522    
   16.5202827       17.2471046    
   16.5302830       17.4535694    
   16.5402832       17.6507740    
   16.5502834       17.8386612    
   16.5602837       18.0171795    
   16.5702839       18.1862793    
   16.5802841       18.3459244    
   16.5902843       18.4960861    
   16.6002846       18.6367340    
   16.6102848       18.7678490    
   16.6202850       18.8894119    
   16.6302853       19.0014076    
   16.6402855       19.1038246    
   16.6502857       19.1966591    
   16.6602859       19.2798977    
   16.6702862       19.3535423    
   16.6802864       19.4175854    
   16.6902866       19.4720306    
   16.7002869       19.5168705    
   16.7102871       19.5521107    
   16.7202873       19.5777454    
   16.7302876       19.5937786    
   16.7402878       19.6002083    
   16.7502880       19.5970364    
   16.7602882       19.5842609    
   16.7702885       19.5618820    
   16.7802887       19.5298996    
   16.7902889       19.4883137    
   16.8002892       19.4371281    
   16.8102894       19.3763390    
   16.8202896       19.3059521    
   16.8302898       19.2259655    
   16.8402901       19.1363869    
   16.8502903       19.0372200    
   16.8602905       18.9284725    
   16.8702908       18.8101559    
   16.8802910       18.6822815    
   16.8902912       18.5448666    
   16.9002914       18.3979321    
   16.9102917       18.2415028    
   16.9202919       18.0756054    
   16.9302921       17.9002800    
   16.9402924       17.7155666    
   16.9502926       17.5215187    
   16.9602928       17.3181915    
   16.9702930       17.1056519    
   16.9802933       16.8839760    
   16.9902935       16.6532497    
   17.0002937       16.4135704    
   17.0102940       16.1650505    
   17.0202942       15.9078102    
   17.0302944       15.6419888    
   17.0402946       15.3677406    
   17.0502949       15.0852337    
   17.0602951       14.7946520    
   17.0702953       14.4961996    
   17.0802956       14.1900988    
   17.0902958       13.8765888    
   17.1002960       13.5559330    
   17.1102962       13.2284155    
   17.1202965       12.8943424    
   17.1302967       12.5540380    
   17.1402969       12.2078543    
   17.1502972       11.8561687    
   17.1602974       11.4993753    
   17.1702976       11.1379051    
   17.1802979       10.7721987    
   17.1902981       10.4027357    
   17.2002983       10.0300159    
   17.2102985       9.65456200    
   17.2202988       9.27692604    
   17.2302990       8.89767933    
   17.2402992       8.51742077    
   17.2502995       8.13677311    
   17.2602997       7.75637865    
   17.2702999       7.37690258    
   17.2803001       6.99902964    
   17.2903004       6.62346268    
   17.3003006       6.25092220    
   17.3103008       5.88214397    
   17.3203011       5.51787758    
   17.3303013       5.15887976    
   17.3403015       4.80592060    
   17.3503017       4.45977259    
   17.3603020       4.12121344    
   17.3703022       3.79102015    
   17.3803024       3.46996737    
   17.3903027       3.15882349    
   17.4003029       2.85834813    
   17.4103031       2.56929016    
   17.4203033       2.29238081    
   17.4303036       2.02833271    
   17.4403038       1.77783632    
   17.4503040       1.54155755    
   17.4603043       1.32013071    
   17.4703045       1.11415982    
   17.4803047      0.924212754    
   17.4903049      0.750817418    
   17.5003052      0.594463408    
   17.5103054      0.455593377    
   17.5203056      0.334604621    
   17.5303059      0.231845260    
   17.5403061      0.147614360    
   17.5503063       8.21549222E-02
   17.5603065       3.56596969E-02
   17.5703068       8.26537609E-03
   17.5803070       5.02347939E-05
   17.5903072       1.10399723E-02
   17.6003075       4.12018783E-02
   17.6103077       9.04483348E-02
   17.6203079      0.158634469    
   17.6303082      0.245560527    
   17.6403084      0.350974172    
   17.6503086      0.474569291    
   17.6603088      0.615993083    
   17.6703091      0.774838984    
   17.6803093      0.950657308    
   17.6903095       1.14295375    
   17.7003098       1.35119450    
   17.7103100       1.57480597    
   17.7203102       1.81317937    
   17.7303104       2.06567574    
   17.7403107       2.33162475    
   17.7503109       2.61033440    
   17.7603111       2.90108633    
   17.7703114       3.20314932    
   17.7803116       3.51577091    
   17.7903118       3.83819199    
   17.8003120       4.16964102    
   17.8103123       4.50934410    
   17.8203125       4.85652256    
   17.8303127       5.21040106    
   17.8403130       5.57020473    
   17.8503132       5.93516874    
   17.8603134       6.30453348    
   17.8703136       6.67755365    
   17.8803139       7.05349588    
   17.8903141       7.43164110    
   17.9003143       7.81128883    
   17.9103146       8.19175816    
   17.9203148       8.57238483    
   17.9303150       8.95252895    
   17.9403152       9.33157444    
   17.9503155       9.70892715    
   17.9603157       10.0840139    
   17.9703159       10.4562893    
   17.9803162       10.8252344    
   17.9903164       11.1903524    
   18.0003166       11.5511732    
   18.0103168       11.9072495    
   18.0203171       12.2581615    
   18.0303173       12.6035128    
   18.0403175       12.9429340    
   18.0503178       13.2760754    
   18.0603180       13.6026144    
   18.0703182       13.9222488    
   18.0803185       14.2346973    
   18.0903187       14.5397043    
   18.1003189       14.8370304    
   18.1103191       15.1264544    
   18.1203194       15.4077768    
   18.1303196       15.6808147    
   18.1403198       15.9454041    
   18.1503201       16.2013912    
   18.1603203       16.4486427    
   18.1703205       16.6870365    
   18.1803207       16.9164639    
   18.1903210       17.1368256    
   18.2003212       17.3480396    
   18.2103214       17.5500298    
   18.2203217       17.7427330    
   18.2303219       17.9260902    
   18.2403221       18.1000557    
   18.2503223       18.2645874    
   18.2603226       18.4196491    
   18.2703228       18.5652122    
   18.2803230       18.7012501    
   18.2903233       18.8277435    
   18.3003235       18.9446812    
   18.3103237       19.0520458    
   18.3203239       19.1498299    
   18.3303242       19.2380257    
   18.3403244       19.3166256    
   18.3503246       19.3856277    
   18.3603249       19.4450321    
   18.3703251       19.4948330    
   18.3803253       19.5350323    
   18.3903255       19.5656300    
   18.4003258       19.5866222    
   18.4103260       19.5980129    
   18.4203262       19.5998001    
   18.4303265       19.5919857    
   18.4403267       19.5745659    
   18.4503269       19.5475445    
   18.4603271       19.5109196    
   18.4703274       19.4646931    
   18.4803276       19.4088631    
   18.4903278       19.3434353    
   18.5003281       19.2684059    
   18.5103283       19.1837826    
   18.5203285       19.0895672    
   18.5303288       18.9857693    
   18.5403290       18.8723965    
   18.5503292       18.7494583    
   18.5603294       18.6169701    
   18.5703297       18.4749508    
   18.5803299       18.3234234    
   18.5903301       18.1624126    
   18.6003304       17.9919548    
   18.6103306       17.8120842    
   18.6203308       17.6228523    
   18.6303310       17.4243107    
   18.6403313       17.2165222    
   18.6503315       16.9995556    
   18.6603317       16.7734909    
   18.6703320       16.5384254    
   18.6803322       16.2944603    
   18.6903324       16.0417099    
   18.7003326       15.7803068    
   18.7103329       15.5103931    
   18.7203331       15.2321320    
   18.7303333       14.9456978    
   18.7403336       14.6512861    
   18.7503338       14.3491087    
   18.7603340       14.0393991    
   18.7703342       13.7224016    
   18.7803345       13.3983955    
   18.7903347       13.0676708    
   18.8003349       12.7305460    
   18.8103352       12.3873577    
   18.8203354       12.0384674    
   18.8303356       11.6842651    
   18.8403358       11.3251600    
   18.8503361       10.9615889    
   18.8603363       10.5940113    
   18.8703365       10.2229137    
   18.8803368       9.84881115    
   18.8903370       9.47223568    
   18.9003372       9.09375191    
   18.9103374       8.71394539    
   18.9203377       8.33342361    
   18.9303379       7.95281887    
   18.9403381       7.57278776    
   18.9503384       7.19400263    
   18.9603386       6.81715870    
   18.9703388       6.44296646    
   18.9803391       6.07215548    
   18.9903393       5.70546579    
   19.0003395       5.34365273    
   19.0103397       4.98747969    
   19.0203400       4.63771725    
   19.0303402       4.29514265    
   19.0403404       3.96053123    
   19.0503407       3.63466024    
   19.0603409       3.31830263    
   19.0703411       3.01222205    
   19.0803413       2.71717334    
   19.0903416       2.43389678    
   19.1003418       2.16311741    
   19.1103420       1.90553427    
   19.1203423       1.66182899    
   19.1303425       1.43265200    
   19.1403427       1.21862137    
   19.1503429       1.02032709    
   19.1603432      0.838315904    
   19.1703434      0.673098385    
   19.1803436      0.525141716    
   19.1903439      0.394866526    
   19.2003441      0.282647818    
   19.2103443      0.188809231    
   19.2203445      0.113622926    
   19.2303448       5.73073886E-02
   19.2403450       2.00296640E-02
   19.2503452       1.89723971E-03
   19.2603455       2.96385284E-03
   19.2703457       2.32271682E-02
   19.2803459       6.26264364E-02
   19.2903461      0.121045999    
   19.3003464      0.198316455    
   19.3103466      0.294211179    
   19.3203468      0.408453286    
   19.3303471      0.540710986    
   19.3403473      0.690606952    
   19.3503475      0.857713580    
   19.3603477       1.04156005    
   19.3703480       1.24163008    
   19.3803482       1.45737219    
   19.3903484       1.68819523    
   19.4003487       1.93347538    
   19.4103489       2.19255733    
   19.4203491       2.46476197    
   19.4303493       2.74938202    
   19.4403496       3.04569364    
   19.4503498       3.35295296    
   19.4603500       3.67040777    
   19.4703503       3.99728775    
   19.4803505       4.33282471    
   19.4903507       4.67623806    
   19.5003510       5.02675295    
   19.5103512       5.38359308    
   19.5203514       5.74598789    
   19.5303516       6.11317492    
   19.5403519       6.48440218    
   19.5503521       6.85892820    
   19.5603523       7.23602676    
   19.5703526       7.61498737    
   19.5803528       7.99511909    
   19.5903530       8.37574863    
   19.6003532       8.75622559    
   19.6103535       9.13591957    
   19.6203537       9.51422405    
   19.6303539       9.89055634    
   19.6403542       10.2643566    
   19.6503544       10.6350908    
   19.6603546       11.0022516    
   19.6703548       11.3653536    
   19.6803551       11.7239418    
   19.6903553       12.0775776    
   19.7003555       12.4258556    
   19.7103558       12.7683926    
   19.7203560       13.1048260    
   19.7303562       13.4348221    
   19.7403564       13.7580652    
   19.7503567       14.0742655    
   19.7603569       14.3831520    
   19.7703571       14.6844778    
   19.7803574       14.9780140    
   19.7903576       15.2635498    
   19.8003578       15.5408926    
   19.8103580       15.8098688    
   19.8203583       16.0703182    
   19.8303585       16.3221035    
   19.8403587       16.5650864    
   19.8503590       16.7991581    
   19.8603592       17.0242157    
   19.8703594       17.2401676    
   19.8803596       17.4469318    
   19.8903599       17.6444397    
   19.9003601       17.8326302    
   19.9103603       18.0114517    
   19.9203606       18.1808586    
   19.9303608       18.3408127    
   19.9403610       18.4912815    
   19.9503613       18.6322384    
   19.9603615       18.7636604    
   19.9703617       18.8855324    
   19.9803619       18.9978390    
   19.9903622       19.1005688    
   20.0003624       19.1937160    
   20.0103626       19.2772675    
   20.0203629       19.3512230    
   20.0303631       19.4155807    
   20.0403633       19.4703388    
   20.0503635       0.00000000    
