   0.00000000       1.57055140    
   9.99999978E-03   1.56981647    
   1.99999996E-02   1.56859159    
   2.99999993E-02   1.56687677    
   3.99999991E-02   1.56467199    
   4.99999970E-02   1.56197727    
   5.99999949E-02   1.55879259    
   6.99999928E-02   1.55511796    
   7.99999908E-02   1.55095339    
   8.99999887E-02   1.54629886    
   9.99999866E-02   1.54115450    
  0.109999985       1.53552032    
  0.119999982       1.52939641    
  0.129999980       1.52278292    
  0.139999986       1.51567996    
  0.149999991       1.50808775    
  0.159999996       1.50000656    
  0.170000002       1.49143660    
  0.180000007       1.48237824    
  0.190000013       1.47283185    
  0.200000018       1.46279776    
  0.210000023       1.45227659    
  0.220000029       1.44126880    
  0.230000034       1.42977512    
  0.240000039       1.41779625    
  0.250000030       1.40533316    
  0.260000020       1.39238679    
  0.270000011       1.37895823    
  0.280000001       1.36504865    
  0.289999992       1.35065937    
  0.299999982       1.33579195    
  0.309999973       1.32044804    
  0.319999963       1.30462945    
  0.329999954       1.28833807    
  0.339999944       1.27157605    
  0.349999934       1.25434577    
  0.359999925       1.23664987    
  0.369999915       1.21849108    
  0.379999906       1.19987237    
  0.389999896       1.18079698    
  0.399999887       1.16126835    
  0.409999877       1.14129019    
  0.419999868       1.12086654    
  0.429999858       1.10000169    
  0.439999849       1.07870018    
  0.449999839       1.05696678    
  0.459999830       1.03480661    
  0.469999820       1.01222515    
  0.479999810      0.989228189    
  0.489999801      0.965821803    
  0.499999791      0.942012370    
  0.509999812      0.917806625    
  0.519999802      0.893211663    
  0.529999793      0.868234932    
  0.539999783      0.842884243    
  0.549999774      0.817167759    
  0.559999764      0.791093946    
  0.569999754      0.764671683    
  0.579999745      0.737910211    
  0.589999735      0.710819066    
  0.599999726      0.683408201    
  0.609999716      0.655687928    
  0.619999707      0.627668917    
  0.629999697      0.599362135    
  0.639999688      0.570778906    
  0.649999678      0.541930914    
  0.659999669      0.512830198    
  0.669999659      0.483489066    
  0.679999650      0.453920156    
  0.689999640      0.424136370    
  0.699999630      0.394150943    
  0.709999621      0.363977343    
  0.719999611      0.333629310    
  0.729999602      0.303120822    
  0.739999592      0.272466063    
  0.749999583      0.241679445    
  0.759999573      0.210775554    
  0.769999564      0.179769143    
  0.779999554      0.148675114    
  0.789999545      0.117508501    
  0.799999535       8.62844437E-02
  0.809999526       5.50181605E-02
  0.819999516       2.37249322E-02
  0.829999506      -7.57992035E-03
  0.839999497      -3.88810597E-02
  0.849999487      -7.01631531E-02
  0.859999478     -0.101410888    
  0.869999468     -0.132609025    
  0.879999459     -0.163742363    
  0.889999449     -0.194795832    
  0.899999440     -0.225754455    
  0.909999430     -0.256603420    
  0.919999421     -0.287328035    
  0.929999411     -0.317913800    
  0.939999402     -0.348346412    
  0.949999392     -0.378611773    
  0.959999382     -0.408696026    
  0.969999373     -0.438585550    
  0.979999363     -0.468266994    
  0.989999354     -0.497727275    
  0.999999344     -0.526953638    
   1.00999939     -0.555933595    
   1.01999938     -0.584654987    
   1.02999938     -0.613105953    
   1.03999937     -0.641274989    
   1.04999936     -0.669150889    
   1.05999935     -0.696722806    
   1.06999934     -0.723980308    
   1.07999933     -0.750913262    
   1.08999932     -0.777511895    
   1.09999931     -0.803766787    
   1.10999930     -0.829668880    
   1.11999929     -0.855209470    
   1.12999928     -0.880380273    
   1.13999927     -0.905173302    
   1.14999926     -0.929580927    
   1.15999925     -0.953595877    
   1.16999924     -0.977211237    
   1.17999923      -1.00042045    
   1.18999922      -1.02321720    
   1.19999921      -1.04559565    
   1.20999920      -1.06755018    
   1.21999919      -1.08907545    
   1.22999918      -1.11016643    
   1.23999918      -1.13081849    
   1.24999917      -1.15102720    
   1.25999916      -1.17078841    
   1.26999915      -1.19009829    
   1.27999914      -1.20895326    
   1.28999913      -1.22735000    
   1.29999912      -1.24528539    
   1.30999911      -1.26275647    
   1.31999910      -1.27976060    
   1.32999909      -1.29629529    
   1.33999908      -1.31235826    
   1.34999907      -1.32794750    
   1.35999906      -1.34306109    
   1.36999905      -1.35769737    
   1.37999904      -1.37185478    
   1.38999903      -1.38553190    
   1.39999902      -1.39872742    
   1.40999901      -1.41144013    
   1.41999900      -1.42366910    
   1.42999899      -1.43541336    
   1.43999898      -1.44667208    
   1.44999897      -1.45744455    
   1.45999897      -1.46773016    
   1.46999896      -1.47752833    
   1.47999895      -1.48683858    
   1.48999894      -1.49566054    
   1.49999893      -1.50399387    
   1.50999892      -1.51183832    
   1.51999891      -1.51919365    
   1.52999890      -1.52605963    
   1.53999889      -1.53243613    
   1.54999888      -1.53832304    
   1.55999887      -1.54372025    
   1.56999886      -1.54862761    
   1.57999885      -1.55304515    
   1.58999884      -1.55697274    
   1.59999883      -1.56041038    
   1.60999882      -1.56335807    
   1.61999881      -1.56581581    
   1.62999880      -1.56778359    
   1.63999879      -1.56926143    
   1.64999878      -1.57024932    
   1.65999877      -1.57074726    
   1.66999876      -1.57075524    
   1.67999876      -1.57027328    
   1.68999875      -1.56930137    
   1.69999874      -1.56783950    
   1.70999873      -1.56588769    
   1.71999872      -1.56344593    
   1.72999871      -1.56051421    
   1.73999870      -1.55709255    
   1.74999869      -1.55318093    
   1.75999868      -1.54877937    
   1.76999867      -1.54388797    
   1.77999866      -1.53850675    
   1.78999865      -1.53263581    
   1.79999864      -1.52627528    
   1.80999863      -1.51942527    
   1.81999862      -1.51208591    
   1.82999861      -1.50425744    
   1.83999860      -1.49594009    
   1.84999859      -1.48713410    
   1.85999858      -1.47783983    
   1.86999857      -1.46805763    
   1.87999856      -1.45778799    
   1.88999856      -1.44703150    
   1.89999855      -1.43578875    
   1.90999854      -1.42406046    
   1.91999853      -1.41184747    
   1.92999852      -1.39915061    
   1.93999851      -1.38597095    
   1.94999850      -1.37230968    
   1.95999849      -1.35816801    
   1.96999848      -1.34354734    
   1.97999847      -1.32844925    
   1.98999846      -1.31287551    
   1.99999845      -1.29682803    
   2.00999856      -1.28030884    
   2.01999855      -1.26332021    
   2.02999854      -1.24586451    
   2.03999853      -1.22794449    
   2.04999852      -1.20956302    
   2.05999851      -1.19072318    
   2.06999850      -1.17142832    
   2.07999849      -1.15168202    
   2.08999848      -1.13148808    
   2.09999847      -1.11085069    
   2.10999846      -1.08977425    
   2.11999846      -1.06826341    
   2.12999845      -1.04632318    
   2.13999844      -1.02395880    
   2.14999843      -1.00117588    
   2.15999842     -0.977980316    
   2.16999841     -0.954378366    
   2.17999840     -0.930376589    
   2.18999839     -0.905981898    
   2.19999838     -0.881201565    
   2.20999837     -0.856043220    
   2.21999836     -0.830514789    
   2.22999835     -0.804624617    
   2.23999834     -0.778381348    
   2.24999833     -0.751794040    
   2.25999832     -0.724872112    
   2.26999831     -0.697625279    
   2.27999830     -0.670063674    
   2.28999829     -0.642197788    
   2.29999828     -0.614038408    
   2.30999827     -0.585596681    
   2.31999826     -0.556884110    
   2.32999825     -0.527912557    
   2.33999825     -0.498694181    
   2.34999824     -0.469241440    
   2.35999823     -0.439567119    
   2.36999822     -0.409684271    
   2.37999821     -0.379606247    
   2.38999820     -0.349346638    
   2.39999819     -0.318919301    
   2.40999818     -0.288338333    
   2.41999817     -0.257618040    
   2.42999816     -0.226772904    
   2.43999815     -0.195817605    
   2.44999814     -0.164766967    
   2.45999813     -0.133635953    
   2.46999812     -0.102439649    
   2.47999811      -7.11932406E-02
   2.48999810      -3.99119779E-02
   2.49999809      -8.61116406E-03
   2.50999808       2.26938687E-02
   2.51999807       5.39877824E-02
   2.52999806       8.52552578E-02
   2.53999805      0.116481006    
   2.54999804      0.147649795    
   2.55999804      0.178746492    
   2.56999803      0.209756061    
   2.57999802      0.240663603    
   2.58999801      0.271454364    
   2.59999800      0.302113742    
   2.60999799      0.332627326    
   2.61999798      0.362980902    
   2.62999797      0.393160492    
   2.63999796      0.423152357    
   2.64999795      0.452942997    
   2.65999794      0.482519209    
   2.66999793      0.511868060    
   2.67999792      0.540976882    
   2.68999791      0.569833338    
   2.69999790      0.598425448    
   2.70999789      0.626741529    
   2.71999788      0.654770195    
   2.72999787      0.682500482    
   2.73999786      0.709921718    
   2.74999785      0.737023592    
   2.75999784      0.763796151    
   2.76999784      0.790229797    
   2.77999783      0.816315293    
   2.78999782      0.842043757    
   2.79999781      0.867406666    
   2.80999780      0.892395854    
   2.81999779      0.917003512    
   2.82999778      0.941222191    
   2.83999777      0.965044796    
   2.84999776      0.988464594    
   2.85999775       1.01147521    
   2.86999774       1.03407049    
   2.87999773       1.05624473    
   2.88999772       1.07799244    
   2.89999771       1.09930849    
   2.90999770       1.12018800    
   2.91999769       1.14062643    
   2.92999768       1.16061950    
   2.93999767       1.18016326    
   2.94999766       1.19925392    
   2.95999765       1.21788800    
   2.96999764       1.23606229    
   2.97999763       1.25377381    
   2.98999763       1.27101970    
   2.99999762       1.28779745    
   3.00999761       1.30410469    
   3.01999760       1.31993926    
   3.02999759       1.33529913    
   3.03999758       1.35018253    
   3.04999757       1.36458778    
   3.05999756       1.37851346    
   3.06999755       1.39195812    
   3.07999754       1.40492058    
   3.08999753       1.41739976    
   3.09999752       1.42939472    
   3.10999751       1.44090462    
   3.11999750       1.45192862    
   3.12999749       1.46246612    
   3.13999748       1.47251654    
   3.14999747       1.48207927    
   3.15999746       1.49115396    
   3.16999745       1.49974024    
   3.17999744       1.50783777    
   3.18999743       1.51544631    
   3.19999743       1.52256560    
   3.20999742       1.52919543    
   3.21999741       1.53533566    
   3.22999740       1.54098618    
   3.23999739       1.54614687    
   3.24999738       1.55081773    
   3.25999737       1.55499864    
   3.26999736       1.55868959    
   3.27999735       1.56189060    
   3.28999734       1.56460166    
   3.29999733       1.56682277    
   3.30999732       1.56855392    
   3.31999731       1.56979513    
   3.32999730       1.57054639    
   3.33999729       1.57080770    
   3.34999728       1.57057905    
   3.35999727       1.56986046    
   3.36999726       1.56865191    
   3.37999725       1.56695342    
   3.38999724       1.56476498    
   3.39999723       1.56208658    
   3.40999722       1.55891824    
   3.41999722       1.55525994    
   3.42999721       1.55111170    
   3.43999720       1.54647350    
   3.44999719       1.54134548    
   3.45999718       1.53572762    
   3.46999717       1.52962005    
   3.47999716       1.52302289    
   3.48999715       1.51593626    
   3.49999714       1.50836039    
   3.50999713       1.50029552    
   3.51999712       1.49174190    
   3.52999711       1.48269975    
   3.53999710       1.47316957    
   3.54999709       1.46315169    
   3.55999708       1.45264661    
   3.56999707       1.44165492    
   3.57999706       1.43017733    
   3.58999705       1.41821456    
   3.59999704       1.40576744    
   3.60999703       1.39283693    
   3.61999702       1.37942410    
   3.62999701       1.36553025    
   3.63999701       1.35115671    
   3.64999700       1.33630490    
   3.65999699       1.32097650    
   3.66999698       1.30517328    
   3.67999697       1.28889728    
   3.68999696       1.27215064    
   3.69999695       1.25493574    
   3.70999694       1.23725510    
   3.71999693       1.21911144    
   3.72999692       1.20050776    
   3.73999691       1.18144727    
   3.74999690       1.16193342    
   3.75999689       1.14196992    
   3.76999688       1.12156081    
   3.77999687       1.10071027    
   3.78999686       1.07942283    
   3.79999685       1.05770338    
   3.80999684       1.03555703    
   3.81999683       1.01298916    
   3.82999682      0.990005553    
   3.83999681      0.966612279    
   3.84999681      0.942815781    
   3.85999680      0.918622792    
   3.86999679      0.894040346    
   3.87999678      0.869075894    
   3.88999677      0.843737185    
   3.89999676      0.818032384    
   3.90999675      0.791969955    
   3.91999674      0.765558779    
   3.92999673      0.738808036    
   3.93999672      0.711727321    
   3.94999671      0.684326589    
   3.95999670      0.656616092    
   3.96999669      0.628606498    
   3.97999668      0.600308776    
   3.98999667      0.571734250    
   3.99999666      0.542894602    
   4.00999689      0.513801813    
   4.01999712      0.484468192    
   4.02999735      0.454906344    
   4.03999758      0.425129205    
   4.04999781      0.395149976    
   4.05999804      0.364982128    
   4.06999826      0.334639370    
   4.07999849      0.304135680    
   4.08999872      0.273485243    
   4.09999895      0.242702469    
   4.10999918      0.211801931    
   4.11999941      0.180798382    
   4.12999964      0.149706721    
   4.13999987      0.118541978    
   4.15000010       8.73192847E-02
   4.16000032       5.60538583E-02
   4.17000055       2.47609802E-02
   4.18000078      -6.54402934E-03
   4.19000101      -3.78458314E-02
   4.20000124      -6.91290945E-02
   4.21000147     -0.100378506    
   4.22000170     -0.131578818    
   4.23000193     -0.162714839    
   4.24000216     -0.193771482    
   4.25000238     -0.224733770    
   4.26000261     -0.255586863    
   4.27000284     -0.286316067    
   4.28000307     -0.316906899    
   4.29000330     -0.347345024    
   4.30000353     -0.377616346    
   4.31000376     -0.407707006    
   4.32000399     -0.437603384    
   4.33000422     -0.467292130    
   4.34000444     -0.496760160    
   4.35000467     -0.525994658    
   4.36000490     -0.554983199    
   4.37000513     -0.583713531    
   4.38000536     -0.612173796    
   4.39000559     -0.640352488    
   4.40000582     -0.668238401    
   4.41000605     -0.695820689    
   4.42000628     -0.723088861    
   4.43000650     -0.750032783    
   4.44000673     -0.776642680    
   4.45000696     -0.802909136    
   4.46000719     -0.828823090    
   4.47000742     -0.854375839    
   4.48000765     -0.879559040    
   4.49000788     -0.904364705    
   4.50000811     -0.928785205    
   4.51000834     -0.952813268    
   4.52000856     -0.976441979    
   4.53000879     -0.999664724    
   4.54000902      -1.02247524    
   4.55000925      -1.04486752    
   4.56000948      -1.06683600    
   4.57000971      -1.08837545    
   4.58000994      -1.10948086    
   4.59001017      -1.13014746    
   4.60001040      -1.15037084    
   4.61001062      -1.17014694    
   4.62001085      -1.18947184    
   4.63001108      -1.20834196    
   4.64001131      -1.22675395    
   4.65001154      -1.24470460    
   4.66001177      -1.26219106    
   4.67001200      -1.27921069    
   4.68001223      -1.29576099    
   4.69001245      -1.31183970    
   4.70001268      -1.32744479    
   4.71001291      -1.34257436    
   4.72001314      -1.35722661    
   4.73001337      -1.37140000    
   4.74001360      -1.38509309    
   4.75001383      -1.39830458    
   4.76001406      -1.41103339    
   4.77001429      -1.42327845    
   4.78001451      -1.43503881    
   4.79001474      -1.44631362    
   4.80001497      -1.45710218    
   4.81001520      -1.46740389    
   4.82001543      -1.47721827    
   4.83001566      -1.48654485    
   4.84001589      -1.49538314    
   4.85001612      -1.50373280    
   4.86001635      -1.51159358    
   4.87001657      -1.51896524    
   4.88001680      -1.52584755    
   4.89001703      -1.53224039    
   4.90001726      -1.53814363    
   4.91001749      -1.54355717    
   4.92001772      -1.54848087    
   4.93001795      -1.55291474    
   4.94001818      -1.55685866    
   4.95001841      -1.56031263    
   4.96001863      -1.56327665    
   4.97001886      -1.56575072    
   4.98001909      -1.56773484    
   4.99001932      -1.56922901    
   5.00001955      -1.57023323    
   5.01001978      -1.57074749    
   5.02002001      -1.57077181    
   5.03002024      -1.57030618    
   5.04002047      -1.56935060    
   5.05002069      -1.56790507    
   5.06002092      -1.56596959    
   5.07002115      -1.56354415    
   5.08002138      -1.56062877    
   5.09002161      -1.55722344    
   5.10002184      -1.55332816    
   5.11002207      -1.54894292    
   5.12002230      -1.54406786    
   5.13002253      -1.53870296    
   5.14002275      -1.53284836    
   5.15002298      -1.52650416    
   5.16002321      -1.51967049    
   5.17002344      -1.51234746    
   5.18002367      -1.50453532    
   5.19002390      -1.49623430    
   5.20002413      -1.48744464    
   5.21002436      -1.47816670    
   5.22002459      -1.46840084    
   5.23002481      -1.45814753    
   5.24002504      -1.44740736    
   5.25002527      -1.43618095    
   5.26002550      -1.42446899    
   5.27002573      -1.41227233    
   5.28002596      -1.39959180    
   5.29002619      -1.38642848    
   5.30002642      -1.37278342    
   5.31002665      -1.35865796    
   5.32002687      -1.34405351    
   5.33002710      -1.32897162    
   5.34002733      -1.31341398    
   5.35002756      -1.29738247    
   5.36002779      -1.28087914    
   5.37002802      -1.26390624    
   5.38002825      -1.24646628    
   5.39002848      -1.22856188    
   5.40002871      -1.21019590    
   5.41002893      -1.19137144    
   5.42002916      -1.17209184    
   5.43002939      -1.15236068    
   5.44002962      -1.13218176    
   5.45002985      -1.11155927    
   5.46003008      -1.09049749    
   5.47003031      -1.06900120    
   5.48003054      -1.04707527    
   5.49003077      -1.02472508    
   5.50003099      -1.00195611    
   5.51003122     -0.978774309    
   5.52003145     -0.955185890    
   5.53003168     -0.931197405    
   5.54003191     -0.906815767    
   5.55003214     -0.882048249    
   5.56003237     -0.856902421    
   5.57003260     -0.831386268    
   5.58003283     -0.805508077    
   5.59003305     -0.779276490    
   5.60003328     -0.752700567    
   5.61003351     -0.725789666    
   5.62003374     -0.698553562    
   5.63003397     -0.671002328    
   5.64003420     -0.643146455    
   5.65003443     -0.614996731    
   5.66003466     -0.586564302    
   5.67003489     -0.557860672    
   5.68003511     -0.528897643    
   5.69003534     -0.499687374    
   5.70003557     -0.470242321    
   5.71003580     -0.440575242    
   5.72003603     -0.410699189    
   5.73003626     -0.380627513    
   5.74003649     -0.350373805    
   5.75003672     -0.319951892    
   5.76003695     -0.289375871    
   5.77003717     -0.258660018    
   5.78003740     -0.227818832    
   5.79003763     -0.196866974    
   5.80003786     -0.165819272    
   5.81003809     -0.134690687    
   5.82003832     -0.103496306    
   5.83003855      -7.22513050E-02
   5.84003878      -4.09709327E-02
   5.85003901      -9.67049040E-03
   5.86003923       2.16346905E-02
   5.87003946       5.29292710E-02
   5.88003969       8.41979310E-02
   5.89003992      0.115425386    
   5.90004015      0.146596417    
   5.91004038      0.177695885    
   5.92004061      0.208708733    
   5.93004084      0.239620060    
   5.94004107      0.270415097    
   5.95004129      0.301079243    
   5.96004152      0.331598073    
   5.97004175      0.361957371    
   5.98004198      0.392143160    
   5.99004221      0.422141671    
   6.00004244      0.451939434    
   6.01004267      0.481523216    
   6.02004290      0.510880053    
   6.03004313      0.539997280    
   6.04004335      0.568862557    
   6.05004358      0.597463906    
   6.06004381      0.625789583    
   6.07004404      0.653828263    
   6.08004427      0.681568921    
   6.09004450      0.709000885    
   6.10004473      0.736113846    
   6.11004496      0.762897789    
   6.12004519      0.789343119    
   6.13004541      0.815440595    
   6.14004564      0.841181338    
   6.15004587      0.866556823    
   6.16004610      0.891558886    
   6.17004633      0.916179717    
   6.18004656      0.940411866    
   6.19004679      0.964248180    
   6.20004702      0.987681925    
   6.21004725       1.01070666    
   6.22004747       1.03331637    
   6.23004770       1.05550516    
   6.24004793       1.07726753    
   6.25004816       1.09859836    
   6.26004839       1.11949277    
   6.27004862       1.13994622    
   6.28004885       1.15995443    
   6.29004908       1.17951345    
   6.30004930       1.19861948    
   6.31004953       1.21726906    
   6.32004976       1.23545897    
   6.33004999       1.25318623    
   6.34005022       1.27044797    
   6.35005045       1.28724170    
   6.36005068       1.30356503    
   6.37005091       1.31941569    
   6.38005114       1.33479178    
   6.39005136       1.34969151    
   6.40005159       1.36411321    
   6.41005182       1.37805533    
   6.42005205       1.39151657    
   6.43005228       1.40449560    
   6.44005251       1.41699135    
   6.45005274       1.42900288    
   6.46005297       1.44052935    
   6.47005320       1.45156991    
   6.48005342       1.46212399    
   6.49005365       1.47219098    
   6.50005388       1.48177040    
   6.51005411       1.49086177    
   6.52005434       1.49946475    
   6.53005457       1.50757897    
   6.54005480       1.51520419    
   6.55005503       1.52234018    
   6.56005526       1.52898669    
   6.57005548       1.53514361    
   6.58005571       1.54081082    
   6.59005594       1.54598820    
   6.60005617       1.55067575    
   6.61005640       1.55487335    
   6.62005663       1.55858099    
   6.63005686       1.56179869    
   6.64005709       1.56452644    
   6.65005732       1.56676424    
   6.66005754       1.56851208    
   6.67005777       1.56976998    
   6.68005800       1.57053792    
   6.69005823       1.57081592    
   6.70005846       1.57060397    
   6.71005869       1.56990206    
   6.72005892       1.56871021    
   6.73005915       1.56702840    
   6.74005938       1.56485665    
   6.75005960       1.56219494    
   6.76005983       1.55904329    
   6.77006006       1.55540168    
   6.78006029       1.55127013    
   6.79006052       1.54664862    
   6.80006075       1.54153728    
   6.81006098       1.53593612    
   6.82006121       1.52984524    
   6.83006144       1.52326477    
   6.84006166       1.51619482    
   6.85006189       1.50863564    
   6.86006212       1.50058746    
   6.87006235       1.49205053    
   6.88006258       1.48302507    
   6.89006281       1.47351146    
   6.90006304       1.46351016    
   6.91006327       1.45302165    
   6.92006350       1.44204652    
   6.93006372       1.43058550    
   6.94006395       1.41863930    
   6.95006418       1.40620875    
   6.96006441       1.39329481    
   6.97006464       1.37989855    
   6.98006487       1.36602116    
   6.99006510       1.35166395    
   7.00006533       1.33682847    
   7.01006556       1.32151639    
   7.02006578       1.30572951    
   7.03006601       1.28946972    
   7.04006624       1.27273917    
   7.05006647       1.25554025    
   7.06006670       1.23787546    
   7.07006693       1.21974754    
   7.08006716       1.20115948    
   7.09006739       1.18211448    
   7.10006762       1.16261601    
   7.11006784       1.14266777    
   7.12006807       1.12227380    
   7.13006830       1.10143828    
   7.14006853       1.08016574    
   7.15006876       1.05846095    
   7.16006899       1.03632903    
   7.17006922       1.01377547    
   7.18006945      0.990805984    
   7.19006968      0.967426658    
   7.20006990      0.943643868    
   7.21007013      0.919464350    
   7.22007036      0.894895136    
   7.23007059      0.869943678    
   7.24007082      0.844617724    
   7.25007105      0.818925381    
   7.26007128      0.792875111    
   7.27007151      0.766475797    
   7.28007174      0.739736617    
   7.29007196      0.712667108    
   7.30007219      0.685277224    
   7.31007242      0.657577217    
   7.32007265      0.629577696    
   7.33007288      0.601289690    
   7.34007311      0.572724462    
   7.35007334      0.543893695    
   7.36007357      0.514809370    
   7.37007380      0.485483795    
   7.38007402      0.455929577    
   7.39007425      0.426159620    
   7.40007448      0.396187097    
   7.41007471      0.366025478    
   7.42007494      0.335688472    
   7.43007517      0.305190057    
   7.44007540      0.274544418    
   7.45007563      0.243765935    
   7.46007586      0.212869182    
   7.47007608      0.181868911    
   7.48007631      0.150780007    
   7.49007654      0.119617499    
   7.50007677       8.83965194E-02
   7.51007700       5.71322814E-02
   7.52007723       2.58400645E-02
   7.53007746      -5.46481274E-03
   7.54007769      -3.67670096E-02
   7.55007792      -6.80511966E-02
   7.56007814      -9.93020684E-02
   7.57007837     -0.130504370    
   7.58007860     -0.161642909    
   7.59007883     -0.192702591    
   7.60007906     -0.223668426    
   7.61007929     -0.254525572    
   7.62007952     -0.285259336    
   7.63007975     -0.315855205    
   7.64007998     -0.346298873    
   7.65008020     -0.376576215    
   7.66008043     -0.406673372    
   7.67008066     -0.436576694    
   7.68008089     -0.466272831    
   7.69008112     -0.495748669    
   7.70008135     -0.524991393    
   7.71008158     -0.553988576    
   7.72008181     -0.582727969    
   7.73008204     -0.611197710    
   7.74008226     -0.639386237    
   7.75008249     -0.667282403    
   7.76008272     -0.694875360    
   7.77008295     -0.722154558    
   7.78008318     -0.749109864    
   7.79008341     -0.775731504    
   7.80008364     -0.802010000    
   7.81008387     -0.827936292    
   7.82008410     -0.853501678    
   7.83008432     -0.878697813    
   7.84008455     -0.903516710    
   7.85008478     -0.927950680    
   7.86008501     -0.951992452    
   7.87008524     -0.975635111    
   7.88008547     -0.998872042    
   7.89008570      -1.02169704    
   7.90008593      -1.04410410    
   7.91008615      -1.06608760    
   7.92008638      -1.08764219    
   7.93008661      -1.10876286    
   7.94008684      -1.12944496    
   7.95008707      -1.14968395    
   7.96008730      -1.16947579    
   7.97008753      -1.18881655    
   7.98008776      -1.20770264    
   7.99008799      -1.22613072    
   8.00008774      -1.24409759    
   8.01008797      -1.26160038    
   8.02008820      -1.27863646    
   8.03008842      -1.29520333    
   8.04008865      -1.31129873    
   8.05008888      -1.32692051    
   8.06008911      -1.34206676    
   8.07008934      -1.35673583    
   8.08008957      -1.37092602    
   8.09008980      -1.38463593    
   8.10009003      -1.39786434    
   8.11009026      -1.41061008    
   8.12009048      -1.42287207    
   8.13009071      -1.43464935    
   8.14009094      -1.44594121    
   8.15009117      -1.45674694    
   8.16009140      -1.46706581    
   8.17009163      -1.47689736    
   8.18009186      -1.48624110    
   8.19009209      -1.49509656    
   8.20009232      -1.50346339    
   8.21009254      -1.51134133    
   8.22009277      -1.51873016    
   8.23009300      -1.52562964    
   8.24009323      -1.53203964    
   8.25009346      -1.53796005    
   8.26009369      -1.54339075    
   8.27009392      -1.54833162    
   8.28009415      -1.55278265    
   8.29009438      -1.55674374    
   8.30009460      -1.56021488    
   8.31009483      -1.56319606    
   8.32009506      -1.56568730    
   8.33009529      -1.56768858    
   8.34009552      -1.56919992    
   8.35009575      -1.57022130    
   8.36009598      -1.57075274    
   8.37009621      -1.57079422    
   8.38009644      -1.57034576    
   8.39009666      -1.56940734    
   8.40009689      -1.56797898    
   8.41009712      -1.56606066    
   8.42009735      -1.56365240    
   8.43009758      -1.56075418    
   8.44009781      -1.55736601    
   8.45009804      -1.55348790    
   8.46009827      -1.54911983    
   8.47009850      -1.54426193    
   8.48009872      -1.53891420    
   8.49009895      -1.53307676    
   8.50009918      -1.52674973    
   8.51009941      -1.51993322    
   8.52009964      -1.51262736    
   8.53009987      -1.50483239    
   8.54010010      -1.49654853    
   8.55010033      -1.48777604    
   8.56010056      -1.47851527    
   8.57010078      -1.46876657    
   8.58010101      -1.45853043    
   8.59010124      -1.44780731    
   8.60010147      -1.43659794    
   8.61010170      -1.42490304    
   8.62010193      -1.41272330    
   8.63010216      -1.40005970    
   8.64010239      -1.38691318    
   8.65010262      -1.37328494    
   8.66010284      -1.35917616    
   8.67010307      -1.34458828    
   8.68010330      -1.32952285    
   8.69010353      -1.31398165    
   8.70010376      -1.29796648    
   8.71010399      -1.28147948    
   8.72010422      -1.26452279    
   8.73010445      -1.24709892    
   8.74010468      -1.22921050    
   8.75010490      -1.21086037    
   8.76010513      -1.19205165    
   8.77010536      -1.17278767    
   8.78010559      -1.15307200    
   8.79010582      -1.13290846    
   8.80010605      -1.11230111    
   8.81010628      -1.09125435    
   8.82010651      -1.06977284    
   8.83010674      -1.04786158    
   8.84010696      -1.02552581    
   8.85010719      -1.00277114    
   8.86010742     -0.979603410    
   8.87010765     -0.956028819    
   8.88010788     -0.932053924    
   8.89010811     -0.907685637    
   8.90010834     -0.882931173    
   8.91010857     -0.857798159    
   8.92010880     -0.832294524    
   8.93010902     -0.806428552    
   8.94010925     -0.780208886    
   8.95010948     -0.753644526    
   8.96010971     -0.726744831    
   8.97010994     -0.699519575    
   8.98011017     -0.671978831    
   8.99011040     -0.644133031    
   9.00011063     -0.615992963    
   9.01011086     -0.587569773    
   9.02011108     -0.558874965    
   9.03011131     -0.529920340    
   9.04011154     -0.500718057    
   9.05011177     -0.471280545    
   9.06011200     -0.441620559    
   9.07011223     -0.411751151    
   9.08011246     -0.381685644    
   9.09011269     -0.351437628    
   9.10011292     -0.321020931    
   9.11011314     -0.290449619    
   9.12011337     -0.259737968    
   9.13011360     -0.228900477    
   9.14011383     -0.197951809    
   9.15011406     -0.166906774    
   9.16011429     -0.135780334    
   9.17011452     -0.104587570    
   9.18011475      -7.33436495E-02
   9.19011497      -4.20638248E-02
   9.20011520      -1.07633946E-02
   9.21011543       2.05423087E-02
   9.22011566       5.18379472E-02
   9.23011589       8.31081942E-02
   9.24011612      0.114337765    
   9.25011635      0.145511419    
   9.26011658      0.176614016    
   9.27011681      0.207630515    
   9.28011703      0.238545999    
   9.29011726      0.269345701    
   9.30011749      0.300015002    
   9.31011772      0.330539495    
   9.32011795      0.360904962    
   9.33011818      0.391097397    
   9.34011841      0.421103030    
   9.35011864      0.450908363    
   9.36011887      0.480500162    
   9.37011909      0.509865463    
   9.38011932      0.538991630    
   9.39011955      0.567866266    
   9.40011978      0.596477389    
   9.41012001      0.624813259    
   9.42012024      0.652862489    
   9.43012047      0.680614054    
   9.44012070      0.708057284    
   9.45012093      0.735181868    
   9.46012115      0.761977792    
   9.47012138      0.788435459    
   9.48012161      0.814545572    
   9.49012184      0.840299249    
   9.50012207      0.865687966    
   9.51012230      0.890703499    
   9.52012253      0.915338039    
   9.53012276      0.939584136    
   9.54012299      0.963434637    
   9.55012321      0.986882746    
   9.56012344       1.00992215    
   9.57012367       1.03254664    
   9.58012390       1.05475044    
   9.59012413       1.07652807    
   9.60012436       1.09787440    
   9.61012459       1.11878455    
   9.62012482       1.13925385    
   9.63012505       1.15927804    
   9.64012527       1.17885315    
   9.65012550       1.19797540    
   9.66012573       1.21664131    
   9.67012596       1.23484766    
   9.68012619       1.25259137    
   9.69012642       1.26986969    
   9.70012665       1.28667998    
   9.71012688       1.30301988    
   9.72012711       1.31888723    
   9.73012733       1.33428001    
   9.74012756       1.34919643    
   9.75012779       1.36363482    
   9.76012802       1.37759364    
   9.77012825       1.39107156    
   9.78012848       1.40406740    
   9.79012871       1.41658008    
   9.80012894       1.42860854    
   9.81012917       1.44015193    
   9.82012939       1.45120955    
   9.83012962       1.46178067    
   9.84012985       1.47186470    
   9.85013008       1.48146117    
   9.86013031       1.49056959    
   9.87013054       1.49918962    
   9.88013077       1.50732088    
   9.89013100       1.51496315    
   9.90013123       1.52211618    
   9.91013145       1.52877975    
   9.92013168       1.53495371    
   9.93013191       1.54063797    
   9.94013214       1.54583240    
   9.95013237       1.55053699    
   9.96013260       1.55475163    
   9.97013283       1.55847633    
   9.98013306       1.56171107    
   9.99013329       1.56445587    
   10.0001335       1.56671071    
   10.0101337       1.56847560    
   10.0201340       1.56975055    
   10.0301342       1.57053554    
   10.0401344       1.57083058    
   10.0501347       1.57063568    
   10.0601349       1.56995082    
   10.0701351       1.56877601    
   10.0801353       1.56711125    
   10.0901356       1.56495655    
   10.1001358       1.56231189    
   10.1101360       1.55917728    
   10.1201363       1.55555272    
   10.1301365       1.55143821    
   10.1401367       1.54683375    
   10.1501369       1.54173946    
   10.1601372       1.53615534    
   10.1701374       1.53008151    
   10.1801376       1.52351809    
   10.1901379       1.51646519    
   10.2001381       1.50892305    
   10.2101383       1.50089180    
   10.2201385       1.49237180    
   10.2301388       1.48336327    
   10.2401390       1.47386658    
   10.2501392       1.46388221    
   10.2601395       1.45341063    
   10.2701397       1.44245243    
   10.2801399       1.43100822    
   10.2901402       1.41907883    
   10.3001404       1.40666509    
   10.3101406       1.39376795    
   10.3201408       1.38038850    
   10.3301411       1.36652792    
   10.3401413       1.35218751    
   10.3501415       1.33736873    
   10.3601418       1.32207322    
   10.3701420       1.30630279    
   10.3801422       1.29005945    
   10.3901424       1.27334523    
   10.4001427       1.25616252    
   10.4101429       1.23851383    
   10.4201431       1.22040188    
   10.4301434       1.20182967    
   10.4401436       1.18280041    
   10.4501438       1.16331756    
   10.4601440       1.14338481    
   10.4701443       1.12300611    
   10.4801445       1.10218573    
   10.4901447       1.08092821    
   10.5001450       1.05923831    
   10.5101452       1.03712118    
   10.5201454       1.01458216    
   10.5301456      0.991626978    
   10.5401459      0.968261719    
   10.5501461      0.944492757    
   10.5601463      0.920326769    
   10.5701466      0.895770848    
   10.5801468      0.870832384    
   10.5901470      0.845519125    
   10.6001472      0.819839180    
   10.6101475      0.793801010    
   10.6201477      0.767413437    
   10.6301479      0.740685642    
   10.6401482      0.713627219    
   10.6501484      0.686248064    
   10.6601486      0.658558428    
   10.6701488      0.630568922    
   10.6801491      0.602290511    
   10.6901493      0.573734522    
   10.7001495      0.544912577    
   10.7101498      0.515836656    
   10.7201500      0.486519039    
   10.7301502      0.456972331    
   10.7401505      0.427209407    
   10.7501507      0.397243470    
   10.7601509      0.367087960    
   10.7701511      0.336756587    
   10.7801514      0.306263298    
   10.7901516      0.275622278    
   10.8001518      0.244847909    
   10.8101521      0.213954762    
   10.8201523      0.182957575    
   10.8301525      0.151871234    
   10.8401527      0.120710760    
   10.8501530       8.94912854E-02
   10.8601532       5.82280196E-02
   10.8701534       2.69362386E-02
   10.8801537      -4.36873967E-03
   10.8901539      -3.56715769E-02
   10.9001541      -6.69569373E-02
   10.9101543      -9.82095152E-02
   10.9201546     -0.129414052    
   10.9301548     -0.160555348    
   10.9401550     -0.191618308    
   10.9501553     -0.222587943    
   10.9601555     -0.253449380    
   10.9701557     -0.284187943    
   10.9801559     -0.314789116    
   10.9901562     -0.345238566    
   11.0001564     -0.375522196    
   11.0101566     -0.405626118    
   11.0201569     -0.435536683    
   11.0301571     -0.465240508    
   11.0401573     -0.494724512    
   11.0501575     -0.523975909    
   11.0601578     -0.552982152    
   11.0701580     -0.581731021    
   11.0801582     -0.610210657    
   11.0901585     -0.638409495    
   11.1001587     -0.666316330    
   11.1101589     -0.693920314    
   11.1201591     -0.721210897    
   11.1301594     -0.748177946    
   11.1401596     -0.774811625    
   11.1501598     -0.801102519    
   11.1601601     -0.827041507    
   11.1701603     -0.852619886    
   11.1801605     -0.877829313    
   11.1901608     -0.902661741    
   11.2001610     -0.927109540    
   11.2101612     -0.951165378    
   11.2201614     -0.974822283    
   11.2301617     -0.998073637    
   11.2401619      -1.02091312    
   11.2501621      -1.04333496    
   11.2601624      -1.06533337    
   11.2701626      -1.08690310    
   11.2801628      -1.10803902    
   11.2901630      -1.12873650    
   11.3001633      -1.14899111    
   11.3101635      -1.16879869    
   11.3201637      -1.18815529    
   11.3301640      -1.20705736    
   11.3401642      -1.22550154    
   11.3501644      -1.24348462    
   11.3601646      -1.26100373    
   11.3701649      -1.27805614    
   11.3801651      -1.29463935    
   11.3901653      -1.31075108    
   11.4001656      -1.32638931    
   11.4101658      -1.34155214    
   11.4201660      -1.35623777    
   11.4301662      -1.37044466    
   11.4401665      -1.38417137    
   11.4501667      -1.39741659    
   11.4601669      -1.41017914    
   11.4701672      -1.42245793    
   11.4801674      -1.43425214    
   11.4901676      -1.44556093    
   11.5001678      -1.45638359    
   11.5101681      -1.46671939    
   11.5201683      -1.47656786    
   11.5301685      -1.48592854    
   11.5401688      -1.49480093    
   11.5501690      -1.50318468    
   11.5601692      -1.51107955    
   11.5701694      -1.51848531    
   11.5801697      -1.52540171    
   11.5901699      -1.53182864    
   11.6001701      -1.53776598    
   11.6101704      -1.54321361    
   11.6201706      -1.54817140    
   11.6301708      -1.55263937    
   11.6401711      -1.55661738    
   11.6501713      -1.56010544    
   11.6601715      -1.56310356    
   11.6701717      -1.56561172    
   11.6801720      -1.56762993    
   11.6901722      -1.56915820    
   11.7001724      -1.57019651    
   11.7101727      -1.57074487    
   11.7201729      -1.57080328    
   11.7301731      -1.57037175    
   11.7401733      -1.56945026    
   11.7501736      -1.56803882    
   11.7601738      -1.56613743    
   11.7701740      -1.56374609    
   11.7801743      -1.56086481    
   11.7901745      -1.55749357    
   11.8001747      -1.55363238    
   11.8101749      -1.54928124    
   11.8201752      -1.54444027    
   11.8301754      -1.53910947    
   11.8401756      -1.53328896    
   11.8501759      -1.52697873    
   11.8601761      -1.52017903    
   11.8701763      -1.51288998    
   11.8801765      -1.50511169    
   11.8901768      -1.49684441    
   11.9001770      -1.48808849    
   11.9101772      -1.47884429    
   11.9201775      -1.46911216    
   11.9301777      -1.45889258    
   11.9401779      -1.44818604    
   11.9501781      -1.43699312    
   11.9601784      -1.42531455    
   11.9701786      -1.41315114    
   11.9801788      -1.40050387    
   11.9901791      -1.38737369    
   12.0001793      -1.37376177    
   12.0101795      -1.35966933    
   12.0201797      -1.34509778    
   12.0301800      -1.33004868    
   12.0401802      -1.31452370    
   12.0501804      -1.29852474    
   12.0601807      -1.28205383    
   12.0701809      -1.26511323    
   12.0801811      -1.24770534    
   12.0901814      -1.22983277    
   12.1001816      -1.21149838    
   12.1101818      -1.19270527    
   12.1201820      -1.17345679    
   12.1301823      -1.15375650    
   12.1401825      -1.13360822    
   12.1501827      -1.11301601    
   12.1601830      -1.09198427    
   12.1701832      -1.07051766    
   12.1801834      -1.04862106    
   12.1901836      -1.02629972    
   12.2001839      -1.00355923    
   12.2101841     -0.980405509    
   12.2201843     -0.956844747    
   12.2301846     -0.932883441    
   12.2401848     -0.908528507    
   12.2501850     -0.883787155    
   12.2601852     -0.858666956    
   12.2701855     -0.833175838    
   12.2801857     -0.807322085    
   12.2901859     -0.781114340    
   12.3001862     -0.754561603    
   12.3101864     -0.727673233    
   12.3201866     -0.700458944    
   12.3301868     -0.672928810    
   12.3401871     -0.645093262    
   12.3501873     -0.616963089    
   12.3601875     -0.588549435    
   12.3701878     -0.559863746    
   12.3801880     -0.530917823    
   12.3901882     -0.501723826    
   12.4001884     -0.472294182    
   12.4101887     -0.442641616    
   12.4201889     -0.412779182    
   12.4301891     -0.382720172    
   12.4401894     -0.352478176    
   12.4501896     -0.322067022    
   12.4601898     -0.291500777    
   12.4701900     -0.260793716    
   12.4801903     -0.229960307    
   12.4901905     -0.199015215    
   12.5001907     -0.167973250    
   12.5101910     -0.136849359    
   12.5201912     -0.105658621    
   12.5301914      -7.44162053E-02
   12.5401917      -4.31373604E-02
   12.5501919      -1.18373847E-02
   12.5601921       1.94683913E-02
   12.5701923       5.07646278E-02
   12.5801926       8.20360035E-02
   12.5901928      0.113267228    
   12.6001930      0.144443065    
   12.6101933      0.175548375    
   12.6201935      0.206568107    
   12.6301937      0.237487346    
   12.6401939      0.268291295    
   12.6501942      0.298965365    
   12.6601944      0.329495102    
   12.6701946      0.359866291    
   12.6801949      0.390064925    
   12.6901951      0.420077235    
   12.7001953      0.449889719    
   12.7101955      0.479489118    
   12.7201958      0.508862495    
   12.7301960      0.537997186    
   12.7401962      0.566880822    
   12.7501965      0.595501304    
   12.7601967      0.623846948    
   12.7701969      0.651906371    
   12.7801971      0.679668486    
   12.7901974      0.707122624    
   12.8001976      0.734258413    
   12.8101978      0.761065900    
   12.8201981      0.787535429    
   12.8301983      0.813657761    
   12.8401985      0.839423954    
   12.8501987      0.864825487    
   12.8601990      0.889854133    
   12.8701992      0.914502084    
   12.8801994      0.938761830    
   12.8901997      0.962626219    
   12.9001999      0.986088455    
   12.9102001       1.00914204    
   12.9202003       1.03178084    
   12.9302006       1.05399907    
   12.9402008       1.07579124    
   12.9502010       1.09715223    
   12.9602013       1.11807716    
   12.9702015       1.13856149    
   12.9802017       1.15860093    
   12.9902020       1.17819142    
   13.0002022       1.19732916    
   13.0102024       1.21601069    
   13.0202026       1.23423278    
   13.0302029       1.25199234    
   13.0402031       1.26928663    
   13.0502033       1.28611302    
   13.0602036       1.30246913    
   13.0702038       1.31835282    
   13.0802040       1.33376205    
   13.0902042       1.34869504    
   13.1002045       1.36315012    
   13.1102047       1.37712574    
   13.1202049       1.39062047    
   13.1302052       1.40363312    
   13.1402054       1.41616261    
   13.1502056       1.42820799    
   13.1602058       1.43976831    
   13.1702061       1.45084286    
   13.1802063       1.46143091    
   13.1902065       1.47153187    
   13.2002068       1.48114526    
   13.2102070       1.49027061    
   13.2202072       1.49890757    
   13.2302074       1.50705576    
   13.2402077       1.51471496    
   13.2502079       1.52188492    
   13.2602081       1.52856541    
   13.2702084       1.53475630    
   13.2802086       1.54045749    
   13.2902088       1.54566884    
   13.3002090       1.55039036    
   13.3102093       1.55462193    
   13.3202095       1.55836356    
   13.3302097       1.56161523    
   13.3402100       1.56437695    
   13.3502102       1.56664872    
   13.3602104       1.56843054    
   13.3702106       1.56972241    
   13.3802109       1.57052433    
   13.3902111       1.57083631    
   13.4002113       1.57065833    
   13.4102116       1.56999040    
   13.4202118       1.56883252    
   13.4302120       1.56718469    
   13.4402122       1.56504691    
   13.4502125       1.56241918    
   13.4602127       1.55930150    
   13.4702129       1.55569386    
   13.4802132       1.55159628    
   13.4902134       1.54700875    
   13.5002136       1.54193139    
   13.5102139       1.53636420    
   13.5202141       1.53030729    
   13.5302143       1.52376080    
   13.5402145       1.51672482    
   13.5502148       1.50919962    
   13.5602150       1.50118530    
   13.5702152       1.49268222    
   13.5802155       1.48369062    
   13.5902157       1.47421086    
   13.6002159       1.46424341    
   13.6102161       1.45378876    
   13.6202164       1.44284749    
   13.6302166       1.43142021    
   13.6402168       1.41950762    
   13.6502171       1.40711069    
   13.6602173       1.39423037    
   13.6702175       1.38086760    
   13.6802177       1.36702359    
   13.6902180       1.35269976    
   13.7002182       1.33789754    
   13.7102184       1.32261860    
   13.7202187       1.30686474    
   13.7302189       1.29063785    
   13.7402191       1.27394009    
   13.7502193       1.25677371    
   13.7602196       1.23914135    
   13.7702198       1.22104573    
   13.7802200       1.20248973    
   13.7902203       1.18347657    
   13.8002205       1.16400969    
   13.8102207       1.14409280    
   13.8202209       1.12372983    
   13.8302212       1.10292506    
   13.8402214       1.08168292    
   13.8502216       1.06000829    
   13.8602219       1.03790617    
   13.8702221       1.01538205    
   13.8802223      0.992441595    
   13.8902225      0.969090819    
   13.9002228      0.945336103    
   13.9102230      0.921184123    
   13.9202232      0.896641970    
   13.9302235      0.871717036    
   13.9402237      0.846417010    
   13.9502239      0.820749998    
   13.9602242      0.794724464    
   13.9702244      0.768349230    
   13.9802246      0.741633475    
   13.9902248      0.714586735    
   14.0002251      0.687218904    
   14.0102253      0.659540236    
   14.0202255      0.631561339    
   14.0302258      0.603293121    
   14.0402260      0.574746907    
   14.0502262      0.545934319    
   14.0602264      0.516867340    
   14.0702267      0.487558216    
   14.0802269      0.458019555    
   14.0902271      0.428264230    
   14.1002274      0.398305416    
   14.1102276      0.368156552    
   14.1202278      0.337831348    
   14.1302280      0.307343751    
   14.1402283      0.276707917    
   14.1502285      0.245938227    
   14.1602287      0.215049237    
   14.1702290      0.184055686    
   14.1802292      0.152972460    
   14.1902294      0.121814571    
   14.2002296       9.05971378E-02
   14.2102299       5.93353733E-02
   14.2202301       2.80445516E-02
   14.2302303      -3.26001015E-03
   14.2402306      -3.45629752E-02
   14.2502308      -6.58490062E-02
   14.2602310      -9.71027911E-02
   14.2702312     -0.128309071    
   14.2802315     -0.159452647    
   14.2902317     -0.190518424    
   14.3002319     -0.221491411    
   14.3102322     -0.252356768    
   14.3202324     -0.283099800    
   14.3302326     -0.313705951    
   14.3402328     -0.344160885    
   14.3502331     -0.374450475    
   14.3602333     -0.404560834    
   14.3702335     -0.434478313    
   14.3802338     -0.464189529    
   14.3902340     -0.493681371    
   14.4002342     -0.522940993    
   14.4102345     -0.551955879    
   14.4202347     -0.580713809    
   14.4302349     -0.609202921    
   14.4402351     -0.637411654    
   14.4502354     -0.665328801    
   14.4602356     -0.692943454    
   14.4702358     -0.720245063    
   14.4802361     -0.747223496    
   14.4902363     -0.773868918    
   14.5002365     -0.800171852    
   14.5102367     -0.826123238    
   14.5202370     -0.851714313    
   14.5302372     -0.876936734    
   14.5402374     -0.901782453    
   14.5502377     -0.926243782    
   14.5602379     -0.950313449    
   14.5702381     -0.973984480    
   14.5802383     -0.997250199    
   14.5902386      -1.02010429    
   14.6002388      -1.04254079    
   14.6102390      -1.06455410    
   14.6202393      -1.08613884    
   14.6302395      -1.10729003    
   14.6402397      -1.12800288    
   14.6502399      -1.14827299    
   14.6602402      -1.16809618    
   14.6702404      -1.18746853    
   14.6802406      -1.20638645    
   14.6902409      -1.22484648    
   14.7002411      -1.24284554    
   14.7102413      -1.26038074    
   14.7202415      -1.27744937    
   14.7302418      -1.29404891    
   14.7402420      -1.31017709    
   14.7502422      -1.32583177    
   14.7602425      -1.34101105    
   14.7702427      -1.35571325    
   14.7802429      -1.36993670    
   14.7902431      -1.38367999    
   14.8002434      -1.39694178    
   14.8102436      -1.40972102    
   14.8202438      -1.42201662    
   14.8302441      -1.43382764    
   14.8402443      -1.44515324    
   14.8502445      -1.45599270    
   14.8602448      -1.46634543    
   14.8702450      -1.47621083    
   14.8802452      -1.48558843    
   14.8902454      -1.49447775    
   14.9002457      -1.50287855    
   14.9102459      -1.51079047    
   14.9202461      -1.51821327    
   14.9302464      -1.52514672    
   14.9402466      -1.53159070    
   14.9502468      -1.53754508    
   14.9602470      -1.54300976    
   14.9702473      -1.54798460    
   14.9802475      -1.55246961    
   14.9902477      -1.55646467    
   15.0002480      -1.55996978    
   15.0102482      -1.56298494    
   15.0202484      -1.56551015    
   15.0302486      -1.56754541    
   15.0402489      -1.56909072    
   15.0502491      -1.57014608    
   15.0602493      -1.57071149    
   15.0702496      -1.57078695    
   15.0802498      -1.57037246    
   15.0902500      -1.56946802    
   15.1002502      -1.56807363    
   15.1102505      -1.56618929    
   15.1202507      -1.56381500    
   15.1302509      -1.56095076    
   15.1402512      -1.55759656    
   15.1502514      -1.55375242    
   15.1602516      -1.54941833    
   15.1702518      -1.54459441    
   15.1802521      -1.53928065    
   15.1902523      -1.53347719    
   15.2002525      -1.52718401    
   15.2102528      -1.52040124    
   15.2202530      -1.51312912    
   15.2302532      -1.50536776    
   15.2402534      -1.49711740    
   15.2502537      -1.48837841    
   15.2602539      -1.47915113    
   15.2702541      -1.46943593    
   15.2802544      -1.45923328    
   15.2902546      -1.44854367    
   15.3002548      -1.43736768    
   15.3102551      -1.42570603    
   15.3202553      -1.41355956    
   15.3302555      -1.40092909    
   15.3402557      -1.38781571    
   15.3502560      -1.37422049    
   15.3602562      -1.36014473    
   15.3702564      -1.34558976    
   15.3802567      -1.33055711    
   15.3902569      -1.31504858    
   15.4002571      -1.29906595    
   15.4102573      -1.28261125    
   15.4202576      -1.26568675    
   15.4302578      -1.24829483    
   15.4402580      -1.23043811    
   15.4502583      -1.21211946    
   15.4602585      -1.19334197    
   15.4702587      -1.17410898    
   15.4802589      -1.15442407    
   15.4902592      -1.13429105    
   15.5002594      -1.11371398    
   15.5102596      -1.09269726    
   15.5202599      -1.07124543    
   15.5302601      -1.04936349    
   15.5402603      -1.02705669    
   15.5502605      -1.00433052    
   15.5602608     -0.981190860    
   15.5702610     -0.957643926    
   15.5802612     -0.933696270    
   15.5902615     -0.909354746    
   15.6002617     -0.884626567    
   15.6102619     -0.859519303    
   15.6202621     -0.834040821    
   15.6302624     -0.808199406    
   15.6402626     -0.782003701    
   15.6502628     -0.755462706    
   15.6602631     -0.728585780    
   15.6702633     -0.701382577    
   15.6802635     -0.673863173    
   15.6902637     -0.646037996    
   15.7002640     -0.617917836    
   15.7102642     -0.589513779    
   15.7202644     -0.560837328    
   15.7302647     -0.531900227    
   15.7402649     -0.502714634    
   15.7502651     -0.473292947    
   15.7602654     -0.443647921    
   15.7702656     -0.413792580    
   15.7802658     -0.383740216    
   15.7902660     -0.353504390    
   15.8002663     -0.323098928    
   15.8102665     -0.292537898    
   15.8202667     -0.261835545    
   15.8302670     -0.231006354    
   15.8402672     -0.200064972    
   15.8502674     -0.169026211    
   15.8602676     -0.137905017    
   15.8702679     -0.106716461    
   15.8802681      -7.54757151E-02
   15.8902683      -4.41980213E-02
   15.9002686      -1.28986780E-02
   15.9102688       1.84069853E-02
   15.9202690       4.97036316E-02
   15.9302692       8.09759349E-02
   15.9402695      0.112208605    
   15.9502697      0.143386409    
   15.9602699      0.174494192    
   15.9702702      0.205516905    
   15.9802704      0.236439615    
   15.9902706      0.267247558    
   16.0002708      0.297926098    
   16.0102711      0.328460813    
   16.0202713      0.358837456    
   16.0302715      0.389042020    
   16.0402718      0.419060737    
   16.0502720      0.448880076    
   16.0602722      0.478486776    
   16.0702724      0.507867873    
   16.0802727      0.537010670    
   16.0902729      0.565902770    
   16.1002731      0.594532132    
   16.1102734      0.622887015    
   16.1202736      0.650956035    
   16.1302738      0.678728163    
   16.1402740      0.706192672    
   16.1502743      0.733339190    
   16.1602745      0.760157704    
   16.1702747      0.786638618    
   16.1802750      0.812772632    
   16.1902752      0.838550806    
   16.2002754      0.863964558    
   16.2102757      0.889005721    
   16.2202759      0.913666427    
   16.2302761      0.937939167    
   16.2402763      0.961816788    
   16.2502766      0.985292494    
   16.2602768       1.00835979    
   16.2702770       1.03101265    
   16.2802773       1.05324519    
   16.2902775       1.07505190    
   16.3002777       1.09642756    
   16.3102779       1.11736727    
   16.3202782       1.13786650    
   16.3302784       1.15792096    
   16.3402786       1.17752659    
   16.3502789       1.19667959    
   16.3602791       1.21537650    
   16.3702793       1.23361397    
   16.3802795       1.25138903    
   16.3902798       1.26869881    
   16.4002800       1.28554082    
   16.4102802       1.30191267    
   16.4202805       1.31781209    
   16.4302807       1.33323705    
   16.4402809       1.34818578    
   16.4502811       1.36265659    
   16.4602814       1.37664795    
   16.4702816       1.39015853    
   16.4802818       1.40318704    
   16.4902821       1.41573238    
   16.5002823       1.42779362    
   16.5102825       1.43936992    
   16.5202827       1.45046043    
   16.5302830       1.46106446    
   16.5402832       1.47118139    
   16.5502834       1.48081076    
   16.5602837       1.48995209    
   16.5702839       1.49860501    
   16.5802841       1.50676918    
   16.5902843       1.51444435    
   16.6002846       1.52163029    
   16.6102848       1.52832687    
   16.6202850       1.53453386    
   16.6302853       1.54025114    
   16.6402855       1.54547858    
   16.6502857       1.55021620    
   16.6602859       1.55446386    
   16.6702862       1.55822158    
   16.6802864       1.56148934    
   16.6902866       1.56426716    
   16.7002869       1.56655502    
   16.7102871       1.56835294    
   16.7202873       1.56966090    
   16.7302876       1.57047892    
   16.7402878       1.57080698    
   16.7502880       1.57064509    
   16.7602882       1.56999326    
   16.7702885       1.56885147    
   16.7802887       1.56721973    
   16.7902889       1.56509805    
   16.8002892       1.56248641    
   16.8102894       1.55938482    
   16.8202896       1.55579329    
   16.8302898       1.55171180    
   16.8402901       1.54714036    
   16.8502903       1.54207909    
   16.8602905       1.53652799    
   16.8702908       1.53048718    
   16.8802910       1.52395678    
   16.8902912       1.51693690    
   16.9002914       1.50942779    
   16.9102917       1.50142956    
   16.9202919       1.49294245    
   16.9302921       1.48396683    
   16.9402924       1.47450304    
   16.9502926       1.46455157    
   16.9602928       1.45411289    
   16.9702930       1.44318759    
   16.9802933       1.43177629    
   16.9902935       1.41987967    
   17.0002937       1.40749860    
   17.0102940       1.39463401    
   17.0202942       1.38128698    
   17.0302944       1.36745870    
   17.0402946       1.35315049    
   17.0502949       1.33836389    
   17.0602951       1.32310045    
   17.0702953       1.30736196    
   17.0802956       1.29115033    
   17.0902958       1.27446771    
   17.1002960       1.25731647    
   17.1102962       1.23969913    
   17.1202965       1.22161841    
   17.1302967       1.20307732    
   17.1402969       1.18407893    
   17.1502972       1.16462672    
   17.1602974       1.14472437    
   17.1702976       1.12437582    
   17.1802979       1.10358524    
   17.1902981       1.08235717    
   17.2002983       1.06069636    
   17.2102985       1.03860795    
   17.2202988       1.01609731    
   17.2302990      0.993170142    
   17.2402992      0.969832480    
   17.2502995      0.946090698    
   17.2602997      0.921951473    
   17.2702999      0.897421837    
   17.2803001      0.872509181    
   17.2903004      0.847221196    
   17.3003006      0.821565986    
   17.3103008      0.795552015    
   17.3203011      0.769188046    
   17.3303013      0.742483258    
   17.3403015      0.715447187    
   17.3503017      0.688089728    
   17.3603020      0.660421073    
   17.3703022      0.632451832    
   17.3803024      0.604192913    
   17.3903027      0.575655639    
   17.4003029      0.546851635    
   17.4103031      0.517792821    
   17.4203033      0.488491476    
   17.4303036      0.458960176    
   17.4403038      0.429211795    
   17.4503040      0.399259508    
   17.4603043      0.369116753    
   17.4703045      0.338797212    
   17.4803047      0.308314830    
   17.4903049      0.277683765    
   17.5003052      0.246918380    
   17.5103054      0.216033235    
   17.5203056      0.185043052    
   17.5303059      0.153962716    
   17.5403061      0.122807235    
   17.5503063       9.15917307E-02
   17.5603065       6.03314079E-02
   17.5703068       2.90415399E-02
   17.5803070      -2.26255646E-03
   17.5903072      -3.35655436E-02
   17.6003075      -6.48520887E-02
   17.6103077      -9.61068794E-02
   17.6203079     -0.127314657    
   17.6303082     -0.158460215    
   17.6403084     -0.189528450    
   17.6503086     -0.220504373    
   17.6603088     -0.251373112    
   17.6703091     -0.282119960    
   17.6803093     -0.312730402    
   17.6903095     -0.343190104    
   17.7003098     -0.373484910    
   17.7103100     -0.403600931    
   17.7203102     -0.433524519    
   17.7303104     -0.463242263    
   17.7403107     -0.492741048    
   17.7503109     -0.522008002    
   17.7603111     -0.551030636    
   17.7703114     -0.579796731    
   17.7803116     -0.608294368    
   17.7903118     -0.636511981    
   17.8003120     -0.664438367    
   17.8103123     -0.692062616    
   17.8203125     -0.719374180    
   17.8303127     -0.746362865    
   17.8403130     -0.773018837    
   17.8503132     -0.799332619    
   17.8603134     -0.825295150    
   17.8703136     -0.850897670    
   17.8803139     -0.876131773    
   17.8903141     -0.900989413    
   17.9003143     -0.925462902    
   17.9103146     -0.949544907    
   17.9203148     -0.973228455    
   17.9303150     -0.996506929    
   17.9403152      -1.01937401    
   17.9503155      -1.04182374    
   17.9603157      -1.06385040    
   17.9703159      -1.08544874    
   17.9803162      -1.10661364    
   17.9903164      -1.12734044    
   18.0003166      -1.14762461    
   18.0103168      -1.16746199    
   18.0203171      -1.18684864    
   18.0303173      -1.20578098    
   18.0403175      -1.22425556    
   18.0503178      -1.24226928    
   18.0603180      -1.25981915    
   18.0703182      -1.27690256    
   18.0803185      -1.29351699    
   18.0903187      -1.30966020    
   18.1003189      -1.32533002    
   18.1103191      -1.34052455    
   18.1203194      -1.35524201    
   18.1303196      -1.36948085    
   18.1403198      -1.38323963    
   18.1503201      -1.39651704    
   18.1603203      -1.40931189    
   18.1703205      -1.42162311    
   18.1803207      -1.43344975    
   18.1903210      -1.44479096    
   18.2003212      -1.45564604    
   18.2103214      -1.46601439    
   18.2203217      -1.47589540    
   18.2303219      -1.48528862    
   18.2403221      -1.49419367    
   18.2503223      -1.50261021    
   18.2603226      -1.51053786    
   18.2703228      -1.51797640    
   18.2803230      -1.52492559    
   18.2903233      -1.53138530    
   18.3003235      -1.53735542    
   18.3103237      -1.54283583    
   18.3203239      -1.54782641    
   18.3303242      -1.55232716    
   18.3403244      -1.55633795    
   18.3503246      -1.55985880    
   18.3603249      -1.56288970    
   18.3703251      -1.56543064    
   18.3803253      -1.56748164    
   18.3903255      -1.56904268    
   18.4003258      -1.57011378    
   18.4103260      -1.57069492    
   18.4203262      -1.57078612    
   18.4303265      -1.57038736    
   18.4403267      -1.56949866    
   18.4503269      -1.56812000    
   18.4603271      -1.56625140    
   18.4703274      -1.56389284    
   18.4803276      -1.56104434    
   18.4903278      -1.55770588    
   18.5003281      -1.55387747    
   18.5103283      -1.54955912    
   18.5203285      -1.54475093    
   18.5303288      -1.53945291    
   18.5403290      -1.53366518    
   18.5503292      -1.52738774    
   18.5603294      -1.52062070    
   18.5703297      -1.51336432    
   18.5803299      -1.50561869    
   18.5903301      -1.49738407    
   18.6003304      -1.48866081    
   18.6103306      -1.47944915    
   18.6203308      -1.46974957    
   18.6303310      -1.45956254    
   18.6403313      -1.44888854    
   18.6503315      -1.43772817    
   18.6603317      -1.42608213    
   18.6703320      -1.41395128    
   18.6803322      -1.40133643    
   18.6903324      -1.38823855    
   18.7003326      -1.37465882    
   18.7103329      -1.36059844    
   18.7203331      -1.34605885    
   18.7303333      -1.33104157    
   18.7403336      -1.31554830    
   18.7503338      -1.29958093    
   18.7603340      -1.28314149    
   18.7703342      -1.26623213    
   18.7803345      -1.24885535    
   18.7903347      -1.23101377    
   18.8003349      -1.21271026    
   18.8103352      -1.19394779    
   18.8203354      -1.17472970    
   18.8303356      -1.15505958    
   18.8403358      -1.13494122    
   18.8503361      -1.11437869    
   18.8603363      -1.09337628    
   18.8703365      -1.07193863    
   18.8803368      -1.05007076    
   18.8903370      -1.02777779    
   18.9003372      -1.00506532    
   18.9103374     -0.981939197    
   18.9203377     -0.958405614    
   18.9303379     -0.934471071    
   18.9403381     -0.910142422    
   18.9503384     -0.885426879    
   18.9603386     -0.860332012    
   18.9703388     -0.834865689    
   18.9803391     -0.809036195    
   18.9903393     -0.782852113    
   19.0003395     -0.756322443    
   19.0103397     -0.729456484    
   19.0203400     -0.702263951    
   19.0303402     -0.674754918    
   19.0403404     -0.646939754    
   19.0503407     -0.618829250    
   19.0603409     -0.590434492    
   19.0703411     -0.561766922    
   19.0803413     -0.532838345    
   19.0903416     -0.503660858    
   19.1003418     -0.474246889    
   19.1103420     -0.444609165    
   19.1203423     -0.414760679    
   19.1303425     -0.384714723    
   19.1403427     -0.354484886    
   19.1503429     -0.324084967    
   19.1603432     -0.293529004    
   19.1703434     -0.262831271    
   19.1803436     -0.232006222    
   19.1903439     -0.201068506    
   19.2003441     -0.170032933    
   19.2103443     -0.138914451    
   19.2203445     -0.107728116    
   19.2303448      -7.64890984E-02
   19.2403450      -4.52126376E-02
   19.2503452      -1.39140300E-02
   19.2603455       1.73913948E-02
   19.2703457       4.86883000E-02
   19.2803459       7.99613521E-02
   19.2903461      0.111195266    
   19.3003464      0.142374799    
   19.3103466      0.173484802    
   19.3203468      0.204510227    
   19.3303471      0.235436141    
   19.3403473      0.266247779    
   19.3503475      0.296930492    
   19.3603477      0.327469826    
   19.3703480      0.357851565    
   19.3803482      0.388061672    
   19.3903484      0.418086380    
   19.4003487      0.447912127    
   19.4103489      0.477525651    
   19.4203491      0.506914020    
   19.4303493      0.536064506    
   19.4403496      0.564964712    
   19.4503498      0.593602598    
   19.4603500      0.621966422    
   19.4703503      0.650044739    
   19.4803505      0.677826524    
   19.4903507      0.705301046    
   19.5003510      0.732457936    
   19.5103512      0.759287179    
   19.5203514      0.785779119    
   19.5303516      0.811924458    
   19.5403519      0.837714255    
   19.5503521      0.863139927    
   19.5603523      0.888193250    
   19.5703526      0.912866354    
   19.5803528      0.937151730    
   19.5903530      0.961042225    
   19.6003532      0.984531045    
   19.6103535       1.00761175    
   19.6203537       1.03027809    
   19.6303539       1.05252433    
   19.6403542       1.07434487    
   19.6503544       1.09573460    
   19.6603546       1.11668861    
   19.6703548       1.13720226    
   19.6803551       1.15727127    
   19.6903553       1.17689157    
   19.7003555       1.19605935    
   19.7103558       1.21477115    
   19.7203560       1.23302364    
   19.7303562       1.25081384    
   19.7403564       1.26813889    
   19.7503567       1.28499615    
   19.7603569       1.30138326    
   19.7703571       1.31729805    
   19.7803574       1.33273852    
   19.7903576       1.34770286    
   19.8003578       1.36218929    
   19.8103580       1.37619638    
   19.8203583       1.38972270    
   19.8303585       1.40276706    
   19.8403587       1.41532826    
   19.8503590       1.42740536    
   19.8603592       1.43899751    
   19.8703594       1.45010388    
   19.8803596       1.46072376    
   19.8903599       1.47085655    
   19.9003601       1.48050177    
   19.9103603       1.48965895    
   19.9203606       1.49832773    
   19.9303608       1.50650775    
   19.9403610       1.51419878    
   19.9503613       1.52140057    
   19.9603615       1.52811301    
   19.9703617       1.53433585    
   19.9803619       1.54006898    
   19.9903622       1.54531240    
   20.0003624       1.55006599    
   20.0103626       1.55432963    
   20.0203629       1.55810332    
   20.0303631       1.56138706    
   20.0403633       1.56418085    
   20.0503635       1.56648469    
