   0.00000000       19.6000004    
   0.00000000       19.6000004    
   9.99999978E-03   19.5999985    
   1.99999996E-02   19.5999966    
   2.99999993E-02   19.5999947    
   3.99999991E-02   19.5999889    
   4.99999970E-02   19.5999851    
   5.99999949E-02   19.5999832    
   6.99999928E-02   19.5999832    
   7.99999908E-02   19.5999889    
   8.99999887E-02   19.5999889    
   9.99999866E-02   19.5999908    
  0.109999985       19.5999985    
  0.119999982       19.6000004    
  0.129999980       19.6000061    
  0.139999986       19.6000080    
  0.149999991       19.5999947    
  0.159999996       19.5999832    
  0.170000002       19.5999699    
  0.180000007       19.5999470    
  0.190000013       19.5999432    
  0.200000018       19.5999336    
  0.210000023       19.5999279    
  0.220000029       19.5999336    
  0.230000034       19.5999393    
  0.240000039       19.5999317    
  0.250000030       19.5999031    
  0.260000020       19.5998802    
  0.270000011       19.5998650    
  0.280000001       19.5998650    
  0.289999992       19.5998535    
  0.299999982       19.5998173    
  0.309999973       19.5997753    
  0.319999963       19.5997620    
  0.329999954       19.5997753    
  0.339999944       19.5997849    
  0.349999934       19.5997620    
  0.359999925       19.5997219    
  0.369999915       19.5996990    
  0.379999906       19.5996819    
  0.389999896       19.5996704    
  0.399999887       19.5996761    
  0.409999877       19.5996647    
  0.419999868       19.5996132    
  0.429999858       19.5995522    
  0.439999849       19.5995216    
  0.449999839       19.5995197    
  0.459999830       19.5994987    
  0.469999820       19.5994530    
  0.479999810       19.5993900    
  0.489999801       19.5993423    
  0.499999791       19.5993195    
  0.509999812       19.5992966    
  0.519999802       19.5992699    
  0.529999793       19.5992241    
  0.539999783       19.5991592    
  0.549999774       19.5991058    
  0.559999764       19.5990620    
  0.569999754       19.5989990    
  0.579999745       19.5989532    
  0.589999735       19.5989227    
  0.599999726       19.5988808    
  0.609999716       19.5988159    
  0.619999707       19.5987625    
  0.629999697       19.5987320    
  0.639999688       19.5987110    
  0.649999678       19.5986633    
  0.659999669       19.5986042    
  0.669999659       19.5985508    
  0.679999650       19.5985069    
  0.689999640       19.5984631    
  0.699999630       19.5984154    
  0.709999621       19.5983715    
  0.719999611       19.5983257    
  0.729999602       19.5982876    
  0.739999592       19.5982552    
  0.749999583       19.5982246    
  0.759999573       19.5981960    
  0.769999564       19.5981808    
  0.779999554       19.5981598    
  0.789999545       19.5981445    
  0.799999535       19.5981312    
  0.809999526       19.5981236    
  0.819999516       19.5981140    
  0.829999506       19.5981140    
  0.839999497       19.5981178    
  0.849999487       19.5981255    
  0.859999478       19.5981350    
  0.869999468       19.5981483    
  0.879999459       19.5981636    
  0.889999449       19.5981884    
  0.899999440       19.5982304    
  0.909999430       19.5982800    
  0.919999421       19.5983257    
  0.929999411       19.5983791    
  0.939999402       19.5984268    
  0.949999392       19.5984783    
  0.959999382       19.5985298    
  0.969999373       19.5985794    
  0.979999363       19.5986252    
  0.989999354       19.5986824    
  0.999999344       19.5987530    
   1.00999939       19.5988293    
   1.01999938       19.5989037    
   1.02999938       19.5989742    
   1.03999937       19.5990353    
   1.04999936       19.5990677    
   1.05999935       19.5991211    
   1.06999934       19.5991936    
   1.07999933       19.5992622    
   1.08999932       19.5993195    
   1.09999931       19.5993633    
   1.10999930       19.5993958    
   1.11999929       19.5994415    
   1.12999928       19.5995064    
   1.13999927       19.5995560    
   1.14999926       19.5995998    
   1.15999925       19.5996475    
   1.16999924       19.5997086    
   1.17999923       19.5997543    
   1.18999922       19.5998039    
   1.19999921       19.5998878    
   1.20999920       19.5999374    
   1.21999919       19.5999470    
   1.22999918       19.5999641    
   1.23999918       19.5999947    
   1.24999917       19.6000004    
   1.25999916       19.6000061    
   1.26999915       19.6000366    
   1.27999914       19.6000786    
   1.28999913       19.6001282    
   1.29999912       19.6001492    
   1.30999911       19.6001511    
   1.31999910       19.6001511    
   1.32999909       19.6001301    
   1.33999908       19.6001263    
   1.34999907       19.6001282    
   1.35999906       19.6001472    
   1.36999905       19.6001854    
   1.37999904       19.6002235    
   1.38999903       19.6002464    
   1.39999902       19.6002502    
   1.40999901       19.6002598    
   1.41999900       19.6002769    
   1.42999899       19.6002789    
   1.43999898       19.6002731    
   1.44999897       19.6002731    
   1.45999897       19.6002693    
   1.46999896       19.6002541    
   1.47999895       19.6002464    
   1.48999894       19.6002426    
   1.49999893       19.6002464    
   1.50999892       19.6002598    
   1.51999891       19.6002655    
   1.52999890       19.6002712    
   1.53999889       19.6002827    
   1.54999888       19.6002903    
   1.55999887       19.6002941    
   1.56999886       19.6002979    
   1.57999885       19.6002998    
   1.58999884       19.6002998    
   1.59999883       19.6003017    
   1.60999882       19.6003056    
   1.61999881       19.6003094    
   1.62999880       19.6003132    
   1.63999879       19.6003170    
   1.64999878       19.6003170    
   1.65999877       19.6003189    
   1.66999876       19.6003189    
   1.67999876       19.6003170    
   1.68999875       19.6003151    
   1.69999874       19.6003132    
   1.70999873       19.6003094    
   1.71999872       19.6003056    
   1.72999871       19.6003036    
   1.73999870       19.6002998    
   1.74999869       19.6003017    
   1.75999868       19.6002979    
   1.76999867       19.6002941    
   1.77999866       19.6002922    
   1.78999865       19.6002808    
   1.79999864       19.6002674    
   1.80999863       19.6002617    
   1.81999862       19.6002522    
   1.82999861       19.6002388    
   1.83999860       19.6002312    
   1.84999859       19.6002312    
   1.85999858       19.6002331    
   1.86999857       19.6002426    
   1.87999856       19.6002407    
   1.88999856       19.6002312    
   1.89999855       19.6002254    
   1.90999854       19.6002121    
   1.91999853       19.6002102    
   1.92999852       19.6002121    
   1.93999851       19.6001892    
   1.94999850       19.6001740    
   1.95999849       19.6001778    
   1.96999848       19.6001797    
   1.97999847       19.6001644    
   1.98999846       19.6001205    
   1.99999845       19.6000843    
   2.00999856       19.6000519    
   2.01999855       19.6000404    
   2.02999854       19.6000214    
   2.03999853       19.5999756    
   2.04999852       19.5999374    
   2.05999851       19.5999031    
   2.06999850       19.5998726    
   2.07999849       19.5998631    
   2.08999848       19.5998421    
   2.09999847       19.5997925    
   2.10999846       19.5997467    
   2.11999846       19.5997009    
   2.12999845       19.5996552    
   2.13999844       19.5996189    
   2.14999843       19.5995827    
   2.15999842       19.5995407    
   2.16999841       19.5994987    
   2.17999840       19.5994644    
   2.18999839       19.5994186    
   2.19999838       19.5993576    
   2.20999837       19.5993004    
   2.21999836       19.5992470    
   2.22999835       19.5991955    
   2.23999834       19.5991497    
   2.24999833       19.5990810    
   2.25999832       19.5990238    
   2.26999831       19.5989761    
   2.27999830       19.5989056    
   2.28999829       19.5988388    
   2.29999828       19.5988026    
   2.30999827       19.5987740    
   2.31999826       19.5987320    
   2.32999825       19.5986748    
   2.33999825       19.5986252    
   2.34999824       19.5985832    
   2.35999823       19.5985374    
   2.36999822       19.5984993    
   2.37999821       19.5984612    
   2.38999820       19.5984364    
   2.39999819       19.5984001    
   2.40999818       19.5983582    
   2.41999817       19.5983219    
   2.42999816       19.5982895    
   2.43999815       19.5982590    
   2.44999814       19.5982399    
   2.45999813       19.5982265    
   2.46999812       19.5982132    
   2.47999811       19.5981979    
   2.48999810       19.5981922    
   2.49999809       19.5981846    
   2.50999808       19.5981865    
   2.51999807       19.5981960    
   2.52999806       19.5982037    
   2.53999805       19.5982056    
   2.54999804       19.5982113    
   2.55999804       19.5982227    
   2.56999803       19.5982437    
   2.57999802       19.5982742    
   2.58999801       19.5983124    
   2.59999800       19.5983467    
   2.60999799       19.5983791    
   2.61999798       19.5984077    
   2.62999797       19.5984459    
   2.63999796       19.5984783    
   2.64999795       19.5985203    
   2.65999794       19.5985718    
   2.66999793       19.5986099    
   2.67999792       19.5986290    
   2.68999791       19.5986691    
   2.69999790       19.5987282    
   2.70999789       19.5987720    
   2.71999788       19.5988216    
   2.72999787       19.5988922    
   2.73999786       19.5989552    
   2.74999785       19.5990181    
   2.75999784       19.5990772    
   2.76999784       19.5991344    
   2.77999783       19.5991840    
   2.78999782       19.5992279    
   2.79999781       19.5992603    
   2.80999780       19.5992870    
   2.81999779       19.5993080    
   2.82999778       19.5993347    
   2.83999777       19.5993748    
   2.84999776       19.5994492    
   2.85999775       19.5995159    
   2.86999774       19.5995827    
   2.87999773       19.5996532    
   2.88999772       19.5997162    
   2.89999771       19.5997658    
   2.90999770       19.5998001    
   2.91999769       19.5998363    
   2.92999768       19.5998840    
   2.93999767       19.5999222    
   2.94999766       19.5999393    
   2.95999765       19.5999641    
   2.96999764       19.6000061    
   2.97999763       19.6000214    
   2.98999763       19.6000290    
   2.99999762       19.6000481    
   3.00999761       19.6000652    
   3.01999760       19.6000767    
   3.02999759       19.6000805    
   3.03999758       19.6000862    
   3.04999757       19.6001015    
   3.05999756       19.6001129    
   3.06999755       19.6001072    
   3.07999754       19.6001110    
   3.08999753       19.6001244    
   3.09999752       19.6001453    
   3.10999751       19.6001568    
   3.11999750       19.6001682    
   3.12999749       19.6001911    
   3.13999748       19.6001949    
   3.14999747       19.6001930    
   3.15999746       19.6002083    
   3.16999745       19.6002216    
   3.17999744       19.6002293    
   3.18999743       19.6002388    
   3.19999743       19.6002369    
   3.20999742       19.6002312    
   3.21999741       19.6002254    
   3.22999740       19.6002197    
   3.23999739       19.6002178    
   3.24999738       19.6002159    
   3.25999737       19.6002102    
   3.26999736       19.6002102    
   3.27999735       19.6002140    
   3.28999734       19.6002159    
   3.29999733       19.6002216    
   3.30999732       19.6002235    
   3.31999731       19.6002274    
   3.32999730       19.6002293    
   3.33999729       19.6002274    
   3.34999728       19.6002274    
   3.35999727       19.6002274    
   3.36999726       19.6002235    
   3.37999725       19.6002197    
   3.38999724       19.6002178    
   3.39999723       19.6002140    
   3.40999722       19.6002102    
   3.41999722       19.6002102    
   3.42999721       19.6002140    
   3.43999720       19.6002159    
   3.44999719       19.6002159    
   3.45999718       19.6002216    
   3.46999717       19.6002235    
   3.47999716       19.6002293    
   3.48999715       19.6002274    
   3.49999714       19.6002140    
   3.50999713       19.6001987    
   3.51999712       19.6002026    
   3.52999711       19.6001968    
   3.53999710       19.6001873    
   3.54999709       19.6001949    
   3.55999708       19.6002064    
   3.56999707       19.6002026    
   3.57999706       19.6001949    
   3.58999705       19.6002026    
   3.59999704       19.6002178    
   3.60999703       19.6002369    
   3.61999702       19.6002293    
   3.62999701       19.6002045    
   3.63999701       19.6001968    
   3.64999700       19.6002007    
   3.65999699       19.6001949    
   3.66999698       19.6001759    
   3.67999697       19.6001434    
   3.68999696       19.6000977    
   3.69999695       19.6000557    
   3.70999694       19.6000366    
   3.71999693       19.6000252    
   3.72999692       19.6000156    
   3.73999691       19.6000061    
   3.74999690       19.6000080    
   3.75999689       19.5999832    
   3.76999688       19.5999622    
   3.77999687       19.5999718    
   3.78999686       19.5999565    
   3.79999685       19.5999069    
   3.80999684       19.5998840    
   3.81999683       19.5998764    
   3.82999682       19.5998497    
   3.83999681       19.5997963    
   3.84999681       19.5997238    
   3.85999680       19.5996742    
   3.86999679       19.5996380    
   3.87999678       19.5996017    
   3.88999677       19.5995636    
   3.89999676       19.5995255    
   3.90999675       19.5994835    
   3.91999674       19.5994415    
   3.92999673       19.5994034    
   3.93999672       19.5993385    
   3.94999671       19.5992775    
   3.95999670       19.5992184    
   3.96999669       19.5991535    
   3.97999668       19.5991039    
   3.98999667       19.5990467    
   3.99999666       19.5989876    
   4.00999689       19.5989380    
   4.01999712       19.5988960    
   4.02999735       19.5988541    
   4.03999758       19.5988026    
   4.04999781       19.5987549    
   4.05999804       19.5987167    
   4.06999826       19.5986862    
   4.07999849       19.5986557    
   4.08999872       19.5986233    
   4.09999895       19.5985909    
   4.10999918       19.5985680    
   4.11999941       19.5985489    
   4.12999964       19.5985279    
   4.13999987       19.5985126    
   4.15000010       19.5985012    
   4.16000032       19.5984917    
   4.17000055       19.5984840    
   4.18000078       19.5984840    
   4.19000101       19.5984859    
   4.20000124       19.5984936    
   4.21000147       19.5985012    
   4.22000170       19.5985165    
   4.23000193       19.5985317    
   4.24000216       19.5985546    
   4.25000238       19.5985794    
   4.26000261       19.5986004    
   4.27000284       19.5986366    
   4.28000307       19.5986729    
   4.29000330       19.5987015    
   4.30000353       19.5987396    
   4.31000376       19.5987892    
   4.32000399       19.5988483    
   4.33000422       19.5989075    
   4.34000444       19.5989647    
   4.35000467       19.5990448    
   4.36000490       19.5991192    
   4.37000513       19.5991554    
   4.38000536       19.5992012    
   4.39000559       19.5992508    
   4.40000582       19.5992851    
   4.41000605       19.5993176    
   4.42000628       19.5993538    
   4.43000650       19.5993958    
   4.44000673       19.5994377    
   4.45000696       19.5994854    
   4.46000719       19.5995312    
   4.47000742       19.5995731    
   4.48000765       19.5996113    
   4.49000788       19.5996494    
   4.50000811       19.5996933    
   4.51000834       19.5997505    
   4.52000856       19.5998077    
   4.53000879       19.5998535    
   4.54000902       19.5998611    
   4.55000925       19.5998611    
   4.56000948       19.5999146    
   4.57000971       19.5999870    
   4.58000994       19.6000252    
   4.59001017       19.6000328    
   4.60001040       19.6000748    
   4.61001062       19.6001225    
   4.62001085       19.6001511    
   4.63001108       19.6002026    
   4.64001131       19.6002235    
   4.65001154       19.6002178    
   4.66001177       19.6002388    
   4.67001200       19.6002655    
   4.68001223       19.6002769    
   4.69001245       19.6003036    
   4.70001268       19.6003437    
   4.71001291       19.6003628    
   4.72001314       19.6003723    
   4.73001337       19.6003819    
   4.74001360       19.6003838    
   4.75001383       19.6003990    
   4.76001406       19.6004219    
   4.77001429       19.6004257    
   4.78001451       19.6004143    
   4.79001474       19.6003971    
   4.80001497       19.6003914    
   4.81001520       19.6004028    
   4.82001543       19.6004257    
   4.83001566       19.6004372    
   4.84001589       19.6004314    
   4.85001612       19.6004314    
   4.86001635       19.6004410    
   4.87001657       19.6004448    
   4.88001680       19.6004486    
   4.89001703       19.6004601    
   4.90001726       19.6004677    
   4.91001749       19.6004715    
   4.92001772       19.6004734    
   4.93001795       19.6004772    
   4.94001818       19.6004734    
   4.95001841       19.6004772    
   4.96001863       19.6004791    
   4.97001886       19.6004829    
   4.98001909       19.6004868    
   4.99001932       19.6004906    
   5.00001955       19.6004944    
   5.01001978       19.6004925    
   5.02002001       19.6004944    
   5.03002024       19.6004925    
   5.04002047       19.6004925    
   5.05002069       19.6004868    
   5.06002092       19.6004829    
   5.07002115       19.6004810    
   5.08002138       19.6004772    
   5.09002161       19.6004753    
   5.10002184       19.6004772    
   5.11002207       19.6004734    
   5.12002230       19.6004696    
   5.13002253       19.6004658    
   5.14002275       19.6004543    
   5.15002298       19.6004410    
   5.16002321       19.6004295    
   5.17002344       19.6004219    
   5.18002367       19.6004047    
   5.19002390       19.6003952    
   5.20002413       19.6003876    
   5.21002436       19.6003857    
   5.22002459       19.6003914    
   5.23002481       19.6003780    
   5.24002504       19.6003628    
   5.25002527       19.6003456    
   5.26002550       19.6003189    
   5.27002573       19.6003017    
   5.28002596       19.6002865    
   5.29002619       19.6002731    
   5.30002642       19.6002693    
   5.31002665       19.6002445    
   5.32002687       19.6002159    
   5.33002710       19.6002007    
   5.34002733       19.6001930    
   5.35002756       19.6001854    
   5.36002779       19.6001835    
   5.37002802       19.6001530    
   5.38002825       19.6001129    
   5.39002848       19.6000824    
   5.40002871       19.6000557    
   5.41002893       19.6000233    
   5.42002916       19.5999928    
   5.43002939       19.5999737    
   5.44002962       19.5999355    
   5.45002985       19.5999107    
   5.46003008       19.5998802    
   5.47003031       19.5998459    
   5.48003054       19.5997963    
   5.49003077       19.5997524    
   5.50003099       19.5997238    
   5.51003122       19.5996799    
   5.52003145       19.5996513    
   5.53003168       19.5996208    
   5.54003191       19.5995674    
   5.55003214       19.5995178    
   5.56003237       19.5994606    
   5.57003260       19.5993919    
   5.58003283       19.5993462    
   5.59003305       19.5992928    
   5.60003328       19.5992317    
   5.61003351       19.5991707    
   5.62003374       19.5991077    
   5.63003397       19.5990410    
   5.64003420       19.5989647    
   5.65003443       19.5989056    
   5.66003466       19.5988388    
   5.67003489       19.5987835    
   5.68003511       19.5987339    
   5.69003534       19.5986786    
   5.70003557       19.5986347    
   5.71003580       19.5985947    
   5.72003603       19.5985489    
   5.73003626       19.5984993    
   5.74003649       19.5984650    
   5.75003672       19.5984287    
   5.76003695       19.5983963    
   5.77003717       19.5983677    
   5.78003740       19.5983391    
   5.79003763       19.5983162    
   5.80003786       19.5982990    
   5.81003809       19.5982819    
   5.82003832       19.5982628    
   5.83003855       19.5982494    
   5.84003878       19.5982418    
   5.85003901       19.5982342    
   5.86003923       19.5982399    
   5.87003946       19.5982456    
   5.88003969       19.5982552    
   5.89003992       19.5982761    
   5.90004015       19.5983086    
   5.91004038       19.5983295    
   5.92004061       19.5983524    
   5.93004084       19.5983849    
   5.94004107       19.5984173    
   5.95004129       19.5984516    
   5.96004152       19.5984764    
   5.97004175       19.5985088    
   5.98004198       19.5985470    
   5.99004221       19.5985870    
   6.00004244       19.5986443    
   6.01004267       19.5986900    
   6.02004290       19.5987148    
   6.03004313       19.5987377    
   6.04004335       19.5987873    
   6.05004358       19.5988388    
   6.06004381       19.5988884    
   6.07004404       19.5989552    
   6.08004427       19.5990219    
   6.09004450       19.5990944    
   6.10004473       19.5991478    
   6.11004496       19.5991821    
   6.12004519       19.5992203    
   6.13004541       19.5992699    
   6.14004564       19.5993233    
   6.15004587       19.5993805    
   6.16004610       19.5994396    
   6.17004633       19.5995083    
   6.18004656       19.5995617    
   6.19004679       19.5996132    
   6.20004702       19.5996780    
   6.21004725       19.5997772    
   6.22004747       19.5998573    
   6.23004770       19.5998726    
   6.24004793       19.5998840    
   6.25004816       19.5998955    
   6.26004839       19.5999031    
   6.27004862       19.5999184    
   6.28004885       19.5999565    
   6.29004908       19.5999908    
   6.30004930       19.6000061    
   6.31004953       19.6000404    
   6.32004976       19.6000938    
   6.33004999       19.6001282    
   6.34005022       19.6001568    
   6.35005045       19.6002026    
   6.36005068       19.6002121    
   6.37005091       19.6002178    
   6.38005114       19.6002598    
   6.39005136       19.6003017    
   6.40005159       19.6003227    
   6.41005182       19.6003418    
   6.42005205       19.6003475    
   6.43005228       19.6003323    
   6.44005251       19.6003284    
   6.45005274       19.6003380    
   6.46005297       19.6003380    
   6.47005320       19.6003380    
   6.48005342       19.6003532    
   6.49005365       19.6003723    
   6.50005388       19.6003914    
   6.51005411       19.6004009    
   6.52005434       19.6004105    
   6.53005457       19.6004143    
   6.54005480       19.6004219    
   6.55005503       19.6004181    
   6.56005526       19.6004086    
   6.57005548       19.6004047    
   6.58005571       19.6003990    
   6.59005594       19.6003933    
   6.60005617       19.6003933    
   6.61005640       19.6003876    
   6.62005663       19.6003876    
   6.63005686       19.6003895    
   6.64005709       19.6003952    
   6.65005732       19.6003990    
   6.66005754       19.6004009    
   6.67005777       19.6004028    
   6.68005800       19.6004066    
   6.69005823       19.6004047    
   6.70005846       19.6004047    
   6.71005869       19.6004047    
   6.72005892       19.6004028    
   6.73005915       19.6003990    
   6.74005938       19.6003952    
   6.75005960       19.6003914    
   6.76005983       19.6003876    
   6.77006006       19.6003876    
   6.78006029       19.6003914    
   6.79006052       19.6003914    
   6.80006075       19.6003952    
   6.81006098       19.6003971    
   6.82006121       19.6004009    
   6.83006144       19.6004009    
   6.84006166       19.6003990    
   6.85006189       19.6003838    
   6.86006212       19.6003666    
   6.87006235       19.6003647    
   6.88006258       19.6003761    
   6.89006281       19.6003819    
   6.90006304       19.6003838    
   6.91006327       19.6003876    
   6.92006350       19.6003742    
   6.93006372       19.6003551    
   6.94006395       19.6003475    
   6.95006418       19.6003437    
   6.96006441       19.6003456    
   6.97006464       19.6003494    
   6.98006487       19.6003628    
   6.99006510       19.6003609    
   7.00006533       19.6003304    
   7.01006556       19.6002846    
   7.02006578       19.6002617    
   7.03006601       19.6002579    
   7.04006624       19.6002369    
   7.05006647       19.6002178    
   7.06006670       19.6002159    
   7.07006693       19.6002159    
   7.08006716       19.6002102    
   7.09006739       19.6002007    
   7.10006762       19.6001968    
   7.11006784       19.6001587    
   7.12006807       19.6001129    
   7.13006830       19.6000919    
   7.14006853       19.6000862    
   7.15006876       19.6000900    
   7.16006899       19.6000595    
   7.17006922       19.6000080    
   7.18006945       19.5999508    
   7.19006968       19.5998878    
   7.20006990       19.5998230    
   7.21007013       19.5997696    
   7.22007036       19.5997143    
   7.23007059       19.5996475    
   7.24007082       19.5995979    
   7.25007105       19.5995636    
   7.26007128       19.5995140    
   7.27007151       19.5994511    
   7.28007174       19.5994110    
   7.29007196       19.5993633    
   7.30007219       19.5993061    
   7.31007242       19.5992718    
   7.32007265       19.5992146    
   7.33007288       19.5991611    
   7.34007311       19.5991211    
   7.35007334       19.5990620    
   7.36007357       19.5990047    
   7.37007380       19.5989456    
   7.38007402       19.5988884    
   7.39007425       19.5988445    
   7.40007448       19.5988102    
   7.41007471       19.5987778    
   7.42007494       19.5987415    
   7.43007517       19.5986958    
   7.44007540       19.5986576    
   7.45007563       19.5986309    
   7.46007586       19.5986042    
   7.47007608       19.5985851    
   7.48007631       19.5985680    
   7.49007654       19.5985527    
   7.50007677       19.5985394    
   7.51007700       19.5985298    
   7.52007723       19.5985279    
   7.53007746       19.5985222    
   7.54007769       19.5985241    
   7.55007792       19.5985355    
   7.56007814       19.5985527    
   7.57007837       19.5985737    
   7.58007860       19.5985966    
   7.59007883       19.5986156    
   7.60007906       19.5986347    
   7.61007929       19.5986576    
   7.62007952       19.5986824    
   7.63007975       19.5987167    
   7.64007998       19.5987511    
   7.65008020       19.5987892    
   7.66008043       19.5988312    
   7.67008066       19.5988712    
   7.68008089       19.5989132    
   7.69008112       19.5989361    
   7.70008135       19.5990009    
   7.71008158       19.5990753    
   7.72008181       19.5991211    
   7.73008204       19.5991554    
   7.74008226       19.5992069    
   7.75008249       19.5992908    
   7.76008272       19.5993500    
   7.77008295       19.5993938    
   7.78008318       19.5994568    
   7.79008341       19.5995064    
   7.80008364       19.5995369    
   7.81008387       19.5995808    
   7.82008410       19.5996342    
   7.83008432       19.5996952    
   7.84008455       19.5997372    
   7.85008478       19.5997677    
   7.86008501       19.5998249    
   7.87008524       19.5998917    
   7.88008547       19.5999870    
   7.89008570       19.6000805    
   7.90008593       19.6001472    
   7.91008615       19.6001987    
   7.92008638       19.6002274    
   7.93008661       19.6002769    
   7.94008684       19.6003094    
   7.95008707       19.6003304    
   7.96008730       19.6003685    
   7.97008753       19.6003952    
   7.98008776       19.6004486    
   7.99008799       19.6004772    
   8.00008774       19.6004848    
   8.01008797       19.6005268    
   8.02008820       19.6005764    
   8.03008842       19.6006145    
   8.04008865       19.6006355    
   8.05008888       19.6006355    
   8.06008911       19.6006546    
   8.07008934       19.6006660    
   8.08008957       19.6006508    
   8.09008980       19.6006603    
   8.10009003       19.6006851    
   8.11009026       19.6006908    
   8.12009048       19.6006794    
   8.13009071       19.6006832    
   8.14009094       19.6007099    
   8.15009117       19.6007175    
   8.16009140       19.6007233    
   8.17009163       19.6007423    
   8.18009186       19.6007462    
   8.19009209       19.6007366    
   8.20009232       19.6007328    
   8.21009254       19.6007423    
   8.22009277       19.6007423    
   8.23009300       19.6007462    
   8.24009323       19.6007557    
   8.25009346       19.6007633    
   8.26009369       19.6007652    
   8.27009392       19.6007690    
   8.28009415       19.6007710    
   8.29009438       19.6007671    
   8.30009460       19.6007710    
   8.31009483       19.6007729    
   8.32009506       19.6007786    
   8.33009529       19.6007824    
   8.34009552       19.6007843    
   8.35009575       19.6007862    
   8.36009598       19.6007862    
   8.37009621       19.6007881    
   8.38009644       19.6007862    
   8.39009666       19.6007843    
   8.40009689       19.6007824    
   8.41009712       19.6007786    
   8.42009735       19.6007729    
   8.43009758       19.6007710    
   8.44009781       19.6007690    
   8.45009804       19.6007710    
   8.46009827       19.6007671    
   8.47009850       19.6007614    
   8.48009872       19.6007557    
   8.49009895       19.6007442    
   8.50009918       19.6007309    
   8.51009941       19.6007195    
   8.52009964       19.6007080    
   8.53009987       19.6006889    
   8.54010010       19.6006756    
   8.55010033       19.6006641    
   8.56010056       19.6006584    
   8.57010078       19.6006546    
   8.58010101       19.6006622    
   8.59010124       19.6006565    
   8.60010147       19.6006298    
   8.61010170       19.6006165    
   8.62010193       19.6006126    
   8.63010216       19.6006107    
   8.64010239       19.6006069    
   8.65010262       19.6006107    
   8.66010284       19.6006241    
   8.67010307       19.6006317    
   8.68010330       19.6006165    
   8.69010353       19.6006012    
   8.70010376       19.6005859    
   8.71010399       19.6005707    
   8.72010422       19.6005611    
   8.73010445       19.6005383    
   8.74010468       19.6005211    
   8.75010490       19.6004982    
   8.76010513       19.6004677    
   8.77010536       19.6004295    
   8.78010559       19.6003971    
   8.79010582       19.6003876    
   8.80010605       19.6003799    
   8.81010628       19.6003609    
   8.82010651       19.6003246    
   8.83010674       19.6002731    
   8.84010696       19.6002083    
   8.85010719       19.6001530    
   8.86010742       19.6001244    
   8.87010765       19.6001034    
   8.88010788       19.6000652    
   8.89010811       19.6000271    
   8.90010834       19.5999756    
   8.91010857       19.5999031    
   8.92010880       19.5998421    
   8.93010902       19.5997849    
   8.94010925       19.5997429    
   8.95010948       19.5997105    
   8.96010971       19.5996628    
   8.97010994       19.5996017    
   8.98011017       19.5995560    
   8.99011040       19.5995235    
   9.00011063       19.5994892    
   9.01011086       19.5994415    
   9.02011108       19.5993843    
   9.03011131       19.5993233    
   9.04011154       19.5992641    
   9.05011177       19.5992146    
   9.06011200       19.5991631    
   9.07011223       19.5991116    
   9.08011246       19.5990601    
   9.09011269       19.5990143    
   9.10011292       19.5989780    
   9.11011314       19.5989494    
   9.12011337       19.5989227    
   9.13011360       19.5988865    
   9.14011383       19.5988560    
   9.15011406       19.5988350    
   9.16011429       19.5988140    
   9.17011452       19.5988007    
   9.18011475       19.5987892    
   9.19011497       19.5987816    
   9.20011520       19.5987759    
   9.21011543       19.5987759    
   9.22011566       19.5987778    
   9.23011589       19.5987873    
   9.24011612       19.5987911    
   9.25011635       19.5987949    
   9.26011658       19.5988026    
   9.27011681       19.5988197    
   9.28011703       19.5988426    
   9.29011726       19.5988693    
   9.30011749       19.5988941    
   9.31011772       19.5989342    
   9.32011795       19.5989761    
   9.33011818       19.5990086    
   9.34011841       19.5990429    
   9.35011864       19.5990868    
   9.36011887       19.5991249    
   9.37011909       19.5991802    
   9.38011932       19.5992222    
   9.39011955       19.5992737    
   9.40011978       19.5993385    
   9.41012001       19.5993805    
   9.42012024       19.5994186    
   9.43012047       19.5994740    
   9.44012070       19.5995464    
   9.45012093       19.5996132    
   9.46012115       19.5996742    
   9.47012138       19.5997238    
   9.48012161       19.5997620    
   9.49012184       19.5998192    
   9.50012207       19.5998631    
   9.51012230       19.5998917    
   9.52012253       19.5999413    
   9.53012276       19.5999870    
   9.54012299       19.6000156    
   9.55012321       19.6000938    
   9.56012344       19.6001949    
   9.57012367       19.6002560    
   9.58012390       19.6003151    
   9.59012413       19.6003819    
   9.60012436       19.6004562    
   9.61012459       19.6004829    
   9.62012482       19.6004753    
   9.63012505       19.6004982    
   9.64012527       19.6005249    
   9.65012550       19.6005402    
   9.66012573       19.6005802    
   9.67012596       19.6006031    
   9.68012619       19.6006126    
   9.69012642       19.6006241    
   9.70012665       19.6006165    
   9.71012688       19.6006165    
   9.72012711       19.6006165    
   9.73012733       19.6006165    
   9.74012756       19.6006279    
   9.75012779       19.6006203    
   9.76012802       19.6006126    
   9.77012825       19.6006279    
   9.78012848       19.6006565    
   9.79012871       19.6006660    
   9.80012894       19.6006603    
   9.81012917       19.6006756    
   9.82012939       19.6006947    
   9.83012962       19.6007004    
   9.84012985       19.6007137    
   9.85013008       19.6007252    
   9.86013031       19.6007309    
   9.87013054       19.6007366    
   9.88013077       19.6007404    
   9.89013100       19.6007442    
   9.90013123       19.6007366    
   9.91013145       19.6007290    
   9.92013168       19.6007233    
   9.93013191       19.6007137    
   9.94013214       19.6007099    
   9.95013237       19.6007080    
   9.96013260       19.6007023    
   9.97013283       19.6007023    
   9.98013306       19.6007061    
   9.99013329       19.6007080    
   10.0001335       19.6007137    
   10.0101337       19.6007175    
   10.0201340       19.6007214    
   10.0301342       19.6007214    
   10.0401344       19.6007214    
   10.0501347       19.6007214    
   10.0601349       19.6007214    
   10.0701351       19.6007175    
   10.0801353       19.6007137    
   10.0901356       19.6007099    
   10.1001358       19.6007061    
   10.1101360       19.6007042    
   10.1201363       19.6007023    
   10.1301365       19.6007080    
   10.1401367       19.6007080    
   10.1501369       19.6007080    
   10.1601372       19.6007118    
   10.1701374       19.6007118    
   10.1801376       19.6007137    
   10.1901379       19.6007080    
   10.2001381       19.6007080    
   10.2101383       19.6007080    
   10.2201385       19.6007023    
   10.2301388       19.6007099    
   10.2401390       19.6007099    
   10.2501392       19.6007042    
   10.2601395       19.6006966    
   10.2701397       19.6006985    
   10.2801399       19.6006947    
   10.2901402       19.6006718    
   10.3001404       19.6006546    
   10.3101406       19.6006355    
   10.3201408       19.6006165    
   10.3301411       19.6006012    
   10.3401413       19.6006050    
   10.3501415       19.6006088    
   10.3601418       19.6005974    
   10.3701420       19.6005669    
   10.3801422       19.6005516    
   10.3901424       19.6005573    
   10.4001427       19.6005554    
   10.4101429       19.6005669    
   10.4201431       19.6005783    
   10.4301434       19.6005783    
   10.4401436       19.6005669    
   10.4501438       19.6005497    
   10.4601440       19.6005440    
   10.4701443       19.6005211    
   10.4801445       19.6004639    
   10.4901447       19.6004143    
   10.5001450       19.6003666    
   10.5101452       19.6003265    
   10.5201454       19.6003036    
   10.5301456       19.6002674    
   10.5401459       19.6002159    
   10.5501461       19.6001816    
   10.5601463       19.6001434    
   10.5701466       19.6000938    
   10.5801468       19.6000519    
   10.5901470       19.6000137    
   10.6001472       19.5999775    
   10.6101475       19.5999451    
   10.6201477       19.5999184    
   10.6301479       19.5998688    
   10.6401482       19.5997963    
   10.6501484       19.5997353    
   10.6601486       19.5996799    
   10.6701488       19.5996265    
   10.6801491       19.5995598    
   10.6901493       19.5994911    
   10.7001495       19.5994339    
   10.7101498       19.5993748    
   10.7201500       19.5993156    
   10.7301502       19.5992699    
   10.7401505       19.5992241    
   10.7501507       19.5991783    
   10.7601509       19.5991383    
   10.7701511       19.5991058    
   10.7801514       19.5990696    
   10.7901516       19.5990334    
   10.8001518       19.5989990    
   10.8101521       19.5989704    
   10.8201523       19.5989494    
   10.8301525       19.5989304    
   10.8401527       19.5989151    
   10.8501530       19.5988979    
   10.8601532       19.5988865    
   10.8701534       19.5988827    
   10.8801537       19.5988808    
   10.8901539       19.5988827    
   10.9001541       19.5988903    
   10.9101543       19.5989037    
   10.9201546       19.5989151    
   10.9301548       19.5989304    
   10.9401550       19.5989456    
   10.9501553       19.5989513    
   10.9601555       19.5989571    
   10.9701557       19.5989799    
   10.9801559       19.5990047    
   10.9901562       19.5990391    
   11.0001564       19.5990868    
   11.0101566       19.5991268    
   11.0201569       19.5991611    
   11.0301571       19.5992088    
   11.0401573       19.5992889    
   11.0501575       19.5993633    
   11.0601578       19.5994091    
   11.0701580       19.5994606    
   11.0801582       19.5995121    
   11.0901585       19.5995598    
   11.1001587       19.5996208    
   11.1101589       19.5996723    
   11.1201591       19.5997200    
   11.1301594       19.5997696    
   11.1401596       19.5998192    
   11.1501598       19.5998611    
   11.1601601       19.5998993    
   11.1701603       19.5999584    
   11.1801605       19.6000137    
   11.1901608       19.6000595    
   11.2001610       19.6001015    
   11.2101612       19.6001301    
   11.2201614       19.6001472    
   11.2301617       19.6001511    
   11.2401619       19.6002197    
   11.2501621       19.6002998    
   11.2601624       19.6003456    
   11.2701626       19.6003780    
   11.2801628       19.6003914    
   11.2901630       19.6004448    
   11.3001633       19.6004963    
   11.3101635       19.6005192    
   11.3201637       19.6005421    
   11.3301640       19.6005974    
   11.3401642       19.6006336    
   11.3501644       19.6006565    
   11.3601646       19.6006775    
   11.3701649       19.6006660    
   11.3801651       19.6006546    
   11.3901653       19.6006641    
   11.4001656       19.6006985    
   11.4101658       19.6007195    
   11.4201660       19.6007309    
   11.4301662       19.6007557    
   11.4401665       19.6007748    
   11.4501667       19.6007786    
   11.4601669       19.6007652    
   11.4701672       19.6007652    
   11.4801674       19.6007843    
   11.4901676       19.6008015    
   11.5001678       19.6008015    
   11.5101681       19.6007977    
   11.5201683       19.6008110    
   11.5301685       19.6008091    
   11.5401688       19.6007977    
   11.5501690       19.6007900    
   11.5601692       19.6007938    
   11.5701694       19.6007938    
   11.5801697       19.6007938    
   11.5901699       19.6008034    
   11.6001701       19.6008110    
   11.6101704       19.6008110    
   11.6201706       19.6008148    
   11.6301708       19.6008148    
   11.6401711       19.6008148    
   11.6501713       19.6008148    
   11.6601715       19.6008205    
   11.6701717       19.6008224    
   11.6801720       19.6008263    
   11.6901722       19.6008301    
   11.7001724       19.6008320    
   11.7101727       19.6008320    
   11.7201729       19.6008320    
   11.7301731       19.6008320    
   11.7401733       19.6008301    
   11.7501736       19.6008282    
   11.7601738       19.6008244    
   11.7701740       19.6008205    
   11.7801743       19.6008167    
   11.7901745       19.6008129    
   11.8001747       19.6008148    
   11.8101749       19.6008110    
   11.8201752       19.6008053    
   11.8301754       19.6008015    
   11.8401756       19.6008015    
   11.8501759       19.6008015    
   11.8601761       19.6007881    
   11.8701763       19.6007957    
   11.8801765       19.6008091    
   11.8901768       19.6008110    
   11.9001770       19.6007957    
   11.9101772       19.6007843    
   11.9201775       19.6007767    
   11.9301777       19.6007748    
   11.9401779       19.6007881    
   11.9501781       19.6008015    
   11.9601784       19.6008053    
   11.9701786       19.6007843    
   11.9801788       19.6007652    
   11.9901791       19.6007423    
   12.0001793       19.6007195    
   12.0101795       19.6007080    
   12.0201797       19.6006832    
   12.0301800       19.6006699    
   12.0401802       19.6006508    
   12.0501804       19.6006298    
   12.0601807       19.6006012    
   12.0701809       19.6005783    
   12.0801811       19.6005745    
   12.0901814       19.6005707    
   12.1001816       19.6005592    
   12.1101818       19.6005306    
   12.1201820       19.6004906    
   12.1301823       19.6004486    
   12.1401825       19.6004219    
   12.1501827       19.6003876    
   12.1601830       19.6003342    
   12.1701832       19.6003075    
   12.1801834       19.6003075    
   12.1901836       19.6002846    
   12.2001839       19.6002350    
   12.2101841       19.6001759    
   12.2201843       19.6001377    
   12.2301846       19.6001015    
   12.2401848       19.6000538    
   12.2501850       19.6000080    
   12.2601852       19.5999641    
   12.2701855       19.5999146    
   12.2801857       19.5998631    
   12.2901859       19.5998077    
   12.3001862       19.5997524    
   12.3101864       19.5996971    
   12.3201866       19.5996494    
   12.3301868       19.5996037    
   12.3401871       19.5995541    
   12.3501873       19.5994930    
   12.3601875       19.5994358    
   12.3701878       19.5993958    
   12.3801880       19.5993347    
   12.3901882       19.5992622    
   12.4001884       19.5992107    
   12.4101887       19.5991592    
   12.4201889       19.5991116    
   12.4301891       19.5990753    
   12.4401894       19.5990295    
   12.4501896       19.5989876    
   12.4601898       19.5989437    
   12.4701900       19.5989094    
   12.4801903       19.5988770    
   12.4901905       19.5988445    
   12.5001907       19.5988274    
   12.5101910       19.5988121    
   12.5201912       19.5987988    
   12.5301914       19.5987892    
   12.5401917       19.5987759    
   12.5501919       19.5987740    
   12.5601921       19.5987740    
   12.5701923       19.5987816    
   12.5801926       19.5987930    
   12.5901928       19.5988026    
   12.6001930       19.5988140    
   12.6101933       19.5988388    
   12.6201935       19.5988674    
   12.6301937       19.5988903    
   12.6401939       19.5989189    
   12.6501942       19.5989513    
   12.6601944       19.5989799    
   12.6701946       19.5990181    
   12.6801949       19.5990562    
   12.6901951       19.5991058    
   12.7001953       19.5991554    
   12.7101955       19.5992203    
   12.7201958       19.5993080    
   12.7301960       19.5993919    
   12.7401962       19.5994492    
   12.7501965       19.5994987    
   12.7601967       19.5995693    
   12.7701969       19.5996189    
   12.7801971       19.5996628    
   12.7901974       19.5997105    
   12.8001976       19.5997581    
   12.8101978       19.5998154    
   12.8201981       19.5998802    
   12.8301983       19.5999432    
   12.8401985       19.6000042    
   12.8501987       19.6000652    
   12.8601990       19.6001244    
   12.8701992       19.6001854    
   12.8801994       19.6002274    
   12.8901997       19.6002617    
   12.9001999       19.6002731    
   12.9102001       19.6002655    
   12.9202003       19.6002541    
   12.9302006       19.6002541    
   12.9402008       19.6002693    
   12.9502010       19.6003036    
   12.9602013       19.6003494    
   12.9702015       19.6004162    
   12.9802017       19.6004715    
   12.9902020       19.6004925    
   13.0002022       19.6005077    
   13.0102024       19.6005554    
   13.0202026       19.6005878    
   13.0302029       19.6006126    
   13.0402031       19.6006451    
   13.0502033       19.6006622    
   13.0602036       19.6006927    
   13.0702038       19.6007271    
   13.0802040       19.6007633    
   13.0902042       19.6008091    
   13.1002045       19.6008434    
   13.1102047       19.6008434    
   13.1202049       19.6008339    
   13.1302052       19.6008434    
   13.1402054       19.6008663    
   13.1502056       19.6008759    
   13.1602058       19.6008797    
   13.1702061       19.6008873    
   13.1802063       19.6008835    
   13.1902065       19.6008892    
   13.2002068       19.6008949    
   13.2102070       19.6008987    
   13.2202072       19.6008987    
   13.2302074       19.6009007    
   13.2402077       19.6009007    
   13.2502079       19.6008949    
   13.2602081       19.6008835    
   13.2702084       19.6008759    
   13.2802086       19.6008682    
   13.2902088       19.6008644    
   13.3002090       19.6008606    
   13.3102093       19.6008568    
   13.3202095       19.6008568    
   13.3302097       19.6008587    
   13.3402100       19.6008606    
   13.3502102       19.6008644    
   13.3602104       19.6008682    
   13.3702106       19.6008720    
   13.3802109       19.6008739    
   13.3902111       19.6008720    
   13.4002113       19.6008739    
   13.4102116       19.6008720    
   13.4202118       19.6008701    
   13.4302120       19.6008663    
   13.4402122       19.6008625    
   13.4502125       19.6008587    
   13.4602127       19.6008549    
   13.4702129       19.6008549    
   13.4802132       19.6008587    
   13.4902134       19.6008587    
   13.5002136       19.6008587    
   13.5102139       19.6008625    
   13.5202141       19.6008606    
   13.5302143       19.6008606    
   13.5402145       19.6008549    
   13.5502148       19.6008530    
   13.5602150       19.6008492    
   13.5702152       19.6008396    
   13.5802155       19.6008415    
   13.5902157       19.6008377    
   13.6002159       19.6008224    
   13.6102161       19.6008091    
   13.6202164       19.6008015    
   13.6302166       19.6008110    
   13.6402168       19.6008034    
   13.6502171       19.6007671    
   13.6602173       19.6007595    
   13.6702175       19.6007824    
   13.6802177       19.6007748    
   13.6902180       19.6007500    
   13.7002182       19.6007195    
   13.7102184       19.6006718    
   13.7202187       19.6006355    
   13.7302189       19.6006069    
   13.7402191       19.6005974    
   13.7502193       19.6005764    
   13.7602196       19.6005211    
   13.7702198       19.6004982    
   13.7802200       19.6005020    
   13.7902203       19.6004906    
   13.8002205       19.6004677    
   13.8102207       19.6004448    
   13.8202209       19.6003971    
   13.8302212       19.6003609    
   13.8402214       19.6003151    
   13.8502216       19.6002693    
   13.8602219       19.6002159    
   13.8702221       19.6001511    
   13.8802223       19.6001091    
   13.8902225       19.6000710    
   13.9002228       19.6000385    
   13.9102230       19.5999908    
   13.9202232       19.5999203    
   13.9302235       19.5998745    
   13.9402237       19.5998497    
   13.9502239       19.5998135    
   13.9602242       19.5997677    
   13.9702244       19.5997143    
   13.9802246       19.5996552    
   13.9902248       19.5995922    
   14.0002251       19.5995255    
   14.0102253       19.5994530    
   14.0202255       19.5993996    
   14.0302258       19.5993538    
   14.0402260       19.5992947    
   14.0502262       19.5992279    
   14.0602264       19.5991688    
   14.0702267       19.5991135    
   14.0802269       19.5990562    
   14.0902271       19.5990086    
   14.1002274       19.5989609    
   14.1102276       19.5989151    
   14.1202278       19.5988617    
   14.1302280       19.5988159    
   14.1402283       19.5987778    
   14.1502285       19.5987434    
   14.1602287       19.5987129    
   14.1702290       19.5986843    
   14.1802292       19.5986614    
   14.1902294       19.5986443    
   14.2002296       19.5986347    
   14.2102299       19.5986214    
   14.2202301       19.5986176    
   14.2302303       19.5986176    
   14.2402306       19.5986176    
   14.2502308       19.5986214    
   14.2602310       19.5986290    
   14.2702312       19.5986423    
   14.2802315       19.5986557    
   14.2902317       19.5986805    
   14.3002319       19.5987148    
   14.3102322       19.5987663    
   14.3202324       19.5988083    
   14.3302326       19.5988293    
   14.3402328       19.5988503    
   14.3502331       19.5988789    
   14.3602333       19.5989094    
   14.3702335       19.5989475    
   14.3802338       19.5989933    
   14.3902340       19.5990238    
   14.4002342       19.5990505    
   14.4102345       19.5990810    
   14.4202347       19.5991230    
   14.4302349       19.5991840    
   14.4402351       19.5992508    
   14.4502354       19.5993137    
   14.4602356       19.5993462    
   14.4702358       19.5993900    
   14.4802361       19.5994492    
   14.4902363       19.5994873    
   14.5002365       19.5995350    
   14.5102367       19.5995903    
   14.5202370       19.5996513    
   14.5302372       19.5997143    
   14.5402374       19.5997581    
   14.5502377       19.5998096    
   14.5602379       19.5998802    
   14.5702381       19.5999298    
   14.5802383       19.5999470    
   14.5902386       19.5999565    
   14.6002388       19.5999889    
   14.6102390       19.6000252    
   14.6202393       19.6000557    
   14.6302395       19.6000786    
   14.6402397       19.6000977    
   14.6502399       19.6001282    
   14.6602402       19.6001358    
   14.6702404       19.6001492    
   14.6802406       19.6001568    
   14.6902409       19.6001530    
   14.7002411       19.6001854    
   14.7102413       19.6002216    
   14.7202415       19.6002331    
   14.7302418       19.6002445    
   14.7402420       19.6002464    
   14.7502422       19.6002350    
   14.7602425       19.6002522    
   14.7702427       19.6002674    
   14.7802429       19.6002617    
   14.7902431       19.6002541    
   14.8002434       19.6002674    
   14.8102436       19.6002960    
   14.8202438       19.6003094    
   14.8302441       19.6003151    
   14.8402443       19.6003189    
   14.8502445       19.6003342    
   14.8602448       19.6003475    
   14.8702450       19.6003532    
   14.8802452       19.6003475    
   14.8902454       19.6003494    
   14.9002457       19.6003590    
   14.9102459       19.6003609    
   14.9202461       19.6003571    
   14.9302464       19.6003571    
   14.9402466       19.6003628    
   14.9502468       19.6003704    
   14.9602470       19.6003723    
   14.9702473       19.6003742    
   14.9802475       19.6003742    
   14.9902477       19.6003723    
   15.0002480       19.6003742    
   15.0102482       19.6003780    
   15.0202484       19.6003799    
   15.0302486       19.6003857    
   15.0402489       19.6003876    
   15.0502491       19.6003895    
   15.0602493       19.6003914    
   15.0702496       19.6003914    
   15.0802498       19.6003914    
   15.0902500       19.6003876    
   15.1002502       19.6003876    
   15.1102505       19.6003819    
   15.1202507       19.6003780    
   15.1302509       19.6003742    
   15.1402512       19.6003723    
   15.1502514       19.6003742    
   15.1602516       19.6003685    
   15.1702518       19.6003647    
   15.1802521       19.6003590    
   15.1902523       19.6003590    
   15.2002525       19.6003723    
   15.2102528       19.6003742    
   15.2202530       19.6003780    
   15.2302532       19.6003914    
   15.2402534       19.6003895    
   15.2502537       19.6003704    
   15.2602539       19.6003532    
   15.2702541       19.6003399    
   15.2802544       19.6003304    
   15.2902546       19.6003361    
   15.3002548       19.6003399    
   15.3102551       19.6003304    
   15.3202553       19.6003246    
   15.3302555       19.6003170    
   15.3402557       19.6003075    
   15.3502560       19.6002960    
   15.3602562       19.6002922    
   15.3702564       19.6003075    
   15.3802567       19.6002941    
   15.3902569       19.6002750    
   15.4002571       19.6002846    
   15.4102573       19.6002884    
   15.4202576       19.6002884    
   15.4302578       19.6003075    
   15.4402580       19.6003227    
   15.4502583       19.6003227    
   15.4602585       19.6003017    
   15.4702587       19.6002598    
   15.4802589       19.6002102    
   15.4902592       19.6001682    
   15.5002594       19.6001129    
   15.5102596       19.6000824    
   15.5202599       19.6000633    
   15.5302601       19.6000099    
   15.5402603       19.5999832    
   15.5502605       19.5999718    
   15.5602608       19.5999413    
   15.5702610       19.5998917    
   15.5802612       19.5998344    
   15.5902615       19.5997810    
   15.6002617       19.5997200    
   15.6102619       19.5996761    
   15.6202621       19.5996475    
   15.6302624       19.5996017    
   15.6402626       19.5995407    
   15.6502628       19.5994644    
   15.6602631       19.5994129    
   15.6702633       19.5993843    
   15.6802635       19.5993443    
   15.6902637       19.5992889    
   15.7002640       19.5992413    
   15.7102642       19.5991840    
   15.7202644       19.5991306    
   15.7302647       19.5990791    
   15.7402649       19.5990219    
   15.7502651       19.5989704    
   15.7602654       19.5989094    
   15.7702656       19.5988598    
   15.7802658       19.5988216    
   15.7902660       19.5987892    
   15.8002663       19.5987473    
   15.8102665       19.5987167    
   15.8202667       19.5986919    
   15.8302670       19.5986633    
   15.8402672       19.5986385    
   15.8502674       19.5986195    
   15.8602676       19.5986042    
   15.8702679       19.5985889    
   15.8802681       19.5985756    
   15.8902683       19.5985718    
   15.9002686       19.5985661    
   15.9102688       19.5985699    
   15.9202690       19.5985718    
   15.9302692       19.5985851    
   15.9402695       19.5985966    
   15.9502697       19.5986137    
   15.9602699       19.5986309    
   15.9702702       19.5986481    
   15.9802704       19.5986786    
   15.9902706       19.5987091    
   16.0002708       19.5987453    
   16.0102711       19.5987835    
   16.0202713       19.5988235    
   16.0302715       19.5988731    
   16.0402718       19.5989246    
   16.0502720       19.5989723    
   16.0602722       19.5990257    
   16.0702724       19.5990772    
   16.0802727       19.5991077    
   16.0902729       19.5991364    
   16.1002731       19.5991745    
   16.1102734       19.5992107    
   16.1202736       19.5992756    
   16.1302738       19.5993443    
   16.1402740       19.5993958    
   16.1502743       19.5994339    
   16.1602745       19.5994892    
   16.1702747       19.5995636    
   16.1802750       19.5996208    
   16.1902752       19.5996590    
   16.2002754       19.5997086    
   16.2102757       19.5997677    
   16.2202759       19.5998116    
   16.2302761       19.5998478    
   16.2402763       19.5998878    
   16.2502766       19.5999165    
   16.2602768       19.5999870    
   16.2702770       19.6000671    
   16.2802773       19.6001091    
   16.2902775       19.6001301    
   16.3002777       19.6001205    
   16.3102779       19.6001358    
   16.3202782       19.6001778    
   16.3302784       19.6002197    
   16.3402786       19.6002312    
   16.3502789       19.6002464    
   16.3602791       19.6002541    
   16.3702793       19.6002560    
   16.3802795       19.6002560    
   16.3902798       19.6002674    
   16.4002800       19.6003075    
   16.4102802       19.6003265    
   16.4202805       19.6003170    
   16.4302807       19.6003151    
   16.4402809       19.6003284    
   16.4502811       19.6003304    
   16.4602814       19.6003361    
   16.4702816       19.6003380    
   16.4802818       19.6003265    
   16.4902821       19.6003323    
   16.5002823       19.6003551    
   16.5102825       19.6003742    
   16.5202827       19.6003704    
   16.5302830       19.6003609    
   16.5402832       19.6003571    
   16.5502834       19.6003571    
   16.5602837       19.6003571    
   16.5702839       19.6003532    
   16.5802841       19.6003475    
   16.5902843       19.6003494    
   16.6002846       19.6003551    
   16.6102848       19.6003590    
   16.6202850       19.6003532    
   16.6302853       19.6003418    
   16.6402855       19.6003361    
   16.6502857       19.6003361    
   16.6602859       19.6003284    
   16.6702862       19.6003284    
   16.6802864       19.6003304    
   16.6902866       19.6003361    
   16.7002869       19.6003380    
   16.7102871       19.6003437    
   16.7202873       19.6003437    
   16.7302876       19.6003456    
   16.7402878       19.6003456    
   16.7502880       19.6003475    
   16.7602882       19.6003456    
   16.7702885       19.6003437    
   16.7802887       19.6003399    
   16.7902889       19.6003361    
   16.8002892       19.6003323    
   16.8102894       19.6003284    
   16.8202896       19.6003284    
   16.8302898       19.6003304    
   16.8402901       19.6003323    
   16.8502903       19.6003323    
   16.8602905       19.6003342    
   16.8702908       19.6003323    
   16.8802910       19.6003323    
   16.8902912       19.6003246    
   16.9002914       19.6003208    
   16.9102917       19.6003342    
   16.9202919       19.6003399    
   16.9302921       19.6003399    
   16.9402924       19.6003284    
   16.9502926       19.6003113    
   16.9602928       19.6002884    
   16.9702930       19.6002712    
   16.9802933       19.6002712    
   16.9902935       19.6002808    
   17.0002937       19.6002884    
   17.0102940       19.6002960    
   17.0202942       19.6002960    
   17.0302944       19.6002998    
   17.0402946       19.6002827    
   17.0502949       19.6002579    
   17.0602951       19.6002483    
   17.0702953       19.6002502    
   17.0802956       19.6002579    
   17.0902958       19.6002388    
   17.1002960       19.6002045    
   17.1102962       19.6001720    
   17.1202965       19.6001263    
   17.1302967       19.6001015    
   17.1402969       19.6000977    
   17.1502972       19.6000767    
   17.1602974       19.6000481    
   17.1702976       19.6000443    
   17.1802979       19.6000347    
   17.1902981       19.6000156    
   17.2002983       19.5999832    
   17.2102985       19.5999413    
   17.2202988       19.5998993    
   17.2302990       19.5998516    
   17.2402992       19.5997906    
   17.2502995       19.5997276    
   17.2602997       19.5996685    
   17.2702999       19.5996037    
   17.2803001       19.5995522    
   17.2903004       19.5995102    
   17.3003006       19.5994453    
   17.3103008       19.5993862    
   17.3203011       19.5993423    
   17.3303013       19.5992794    
   17.3403015       19.5992012    
   17.3503017       19.5991402    
   17.3603020       19.5990925    
   17.3703022       19.5990505    
   17.3803024       19.5990047    
   17.3903027       19.5989342    
   17.4003029       19.5988789    
   17.4103031       19.5988331    
   17.4203033       19.5987816    
   17.4303036       19.5987358    
   17.4403038       19.5986862    
   17.4503040       19.5986290    
   17.4603043       19.5985794    
   17.4703045       19.5985317    
   17.4803047       19.5984802    
   17.4903049       19.5984402    
   17.5003052       19.5984020    
   17.5103054       19.5983753    
   17.5203056       19.5983524    
   17.5303059       19.5983315    
   17.5403061       19.5983143    
   17.5503063       19.5983009    
   17.5603065       19.5982895    
   17.5703068       19.5982895    
   17.5803070       19.5982838    
   17.5903072       19.5982895    
   17.6003075       19.5982971    
   17.6103077       19.5983105    
   17.6203079       19.5983257    
   17.6303082       19.5983391    
   17.6403084       19.5983620    
   17.6503086       19.5983810    
   17.6603088       19.5983963    
   17.6703091       19.5984268    
   17.6803093       19.5984707    
   17.6903095       19.5985050    
   17.7003098       19.5985355    
   17.7103100       19.5985813    
   17.7203102       19.5986214    
   17.7303104       19.5986652    
   17.7403107       19.5986862    
   17.7503109       19.5987167    
   17.7603111       19.5987740    
   17.7703114       19.5988255    
   17.7803116       19.5988693    
   17.7903118       19.5989342    
   17.8003120       19.5990067    
   17.8103123       19.5990620    
   17.8203125       19.5991096    
   17.8303127       19.5991478    
   17.8403130       19.5991802    
   17.8503132       19.5992355    
   17.8603134       19.5993061    
   17.8703136       19.5993652    
   17.8803139       19.5994091    
   17.8903141       19.5994434    
   17.9003143       19.5994682    
   17.9103146       19.5994987    
   17.9203148       19.5995426    
   17.9303150       19.5995922    
   17.9403152       19.5996437    
   17.9503155       19.5996742    
   17.9603157       19.5997162    
   17.9703159       19.5997601    
   17.9803162       19.5998039    
   17.9903164       19.5998535    
   18.0003166       19.5998688    
   18.0103168       19.5998726    
   18.0203171       19.5998878    
   18.0303173       19.5999012    
   18.0403175       19.5999126    
   18.0503178       19.5999184    
   18.0603180       19.5999336    
   18.0703182       19.5999718    
   18.0803185       19.6000118    
   18.0903187       19.6000481    
   18.1003189       19.6000729    
   18.1103191       19.6000919    
   18.1203194       19.6001110    
   18.1303196       19.6001472    
   18.1403198       19.6001816    
   18.1503201       19.6002064    
   18.1603203       19.6002178    
   18.1703205       19.6002159    
   18.1803207       19.6002102    
   18.1903210       19.6002026    
   18.2003212       19.6002083    
   18.2103214       19.6002140    
   18.2203217       19.6002140    
   18.2303219       19.6002235    
   18.2403221       19.6002426    
   18.2503223       19.6002502    
   18.2603226       19.6002483    
   18.2703228       19.6002464    
   18.2803230       19.6002426    
   18.2903233       19.6002464    
   18.3003235       19.6002541    
   18.3103237       19.6002541    
   18.3203239       19.6002560    
   18.3303242       19.6002579    
   18.3403244       19.6002541    
   18.3503246       19.6002541    
   18.3603249       19.6002598    
   18.3703251       19.6002617    
   18.3803253       19.6002674    
   18.3903255       19.6002712    
   18.4003258       19.6002712    
   18.4103260       19.6002731    
   18.4203262       19.6002731    
   18.4303265       19.6002731    
   18.4403267       19.6002712    
   18.4503269       19.6002674    
   18.4603271       19.6002636    
   18.4703274       19.6002598    
   18.4803276       19.6002560    
   18.4903278       19.6002541    
   18.5003281       19.6002541    
   18.5103283       19.6002522    
   18.5203285       19.6002445    
   18.5303288       19.6002388    
   18.5403290       19.6002388    
   18.5503292       19.6002502    
   18.5603294       19.6002522    
   18.5703297       19.6002522    
   18.5803299       19.6002636    
   18.5903301       19.6002617    
   18.6003304       19.6002617    
   18.6103306       19.6002598    
   18.6203308       19.6002388    
   18.6303310       19.6002235    
   18.6403313       19.6002216    
   18.6503315       19.6002159    
   18.6603317       19.6001930    
   18.6703320       19.6001740    
   18.6803322       19.6001816    
   18.6903324       19.6001835    
   18.7003326       19.6001835    
   18.7103329       19.6001873    
   18.7203331       19.6001740    
   18.7303333       19.6001644    
   18.7403336       19.6001472    
   18.7503338       19.6001148    
   18.7603340       19.6001110    
   18.7703342       19.6000996    
   18.7803345       19.6000595    
   18.7903347       19.6000099    
   18.8003349       19.5999813    
   18.8103352       19.5999718    
   18.8203354       19.5999336    
   18.8303356       19.5998821    
   18.8403358       19.5998325    
   18.8503361       19.5998116    
   18.8603363       19.5998039    
   18.8703365       19.5997524    
   18.8803368       19.5997124    
   18.8903370       19.5996838    
   18.9003372       19.5996361    
   18.9103374       19.5995865    
   18.9203377       19.5995407    
   18.9303379       19.5994987    
   18.9403381       19.5994530    
   18.9503384       19.5993862    
   18.9603386       19.5993271    
   18.9703388       19.5992718    
   18.9803391       19.5992165    
   18.9903393       19.5991631    
   19.0003395       19.5991173    
   19.0103397       19.5990829    
   19.0203400       19.5990238    
   19.0303402       19.5989761    
   19.0403404       19.5989342    
   19.0503407       19.5988846    
   19.0603409       19.5988503    
   19.0703411       19.5988045    
   19.0803413       19.5987473    
   19.0903416       19.5986900    
   19.1003418       19.5986290    
   19.1103420       19.5985832    
   19.1203423       19.5985508    
   19.1303425       19.5985069    
   19.1403427       19.5984612    
   19.1503429       19.5984249    
   19.1603432       19.5983944    
   19.1703434       19.5983620    
   19.1803436       19.5983391    
   19.1903439       19.5983105    
   19.2003441       19.5982800    
   19.2103443       19.5982590    
   19.2203445       19.5982475    
   19.2303448       19.5982361    
   19.2403450       19.5982285    
   19.2503452       19.5982208    
   19.2603455       19.5982227    
   19.2703457       19.5982285    
   19.2803459       19.5982304    
   19.2903461       19.5982399    
   19.3003464       19.5982494    
   19.3103466       19.5982685    
   19.3203468       19.5982971    
   19.3303471       19.5983372    
   19.3403473       19.5983829    
   19.3503475       19.5984097    
   19.3603477       19.5984440    
   19.3703480       19.5984917    
   19.3803482       19.5985394    
   19.3903484       19.5985794    
   19.4003487       19.5986118    
   19.4103489       19.5986748    
   19.4203491       19.5987511    
   19.4303493       19.5987968    
   19.4403496       19.5988560    
   19.4503498       19.5989285    
   19.4603500       19.5989838    
   19.4703503       19.5990448    
   19.4803505       19.5991230    
   19.4903507       19.5991955    
   19.5003510       19.5992661    
   19.5103512       19.5993366    
   19.5203514       19.5994053    
   19.5303516       19.5994682    
   19.5403519       19.5995255    
   19.5503521       19.5995731    
   19.5603523       19.5996151    
   19.5703526       19.5996513    
   19.5803528       19.5996933    
   19.5903530       19.5997467    
   19.6003532       19.5998306    
   19.6103535       19.5998783    
   19.6203537       19.5999222    
   19.6303539       19.5999641    
   19.6403542       19.5999928    
   19.6503544       19.6000519    
   19.6603546       19.6000881    
   19.6703548       19.6001129    
   19.6803551       19.6001453    
   19.6903553       19.6001530    
   19.7003555       19.6001701    
   19.7103558       19.6001892    
   19.7203560       19.6002045    
   19.7303562       19.6002235    
   19.7403564       19.6002159    
   19.7503567       19.6002064    
   19.7603569       19.6002159    
   19.7703571       19.6002407    
   19.7803574       19.6002750    
   19.7903576       19.6002903    
   19.8003578       19.6002960    
   19.8103580       19.6003132    
   19.8203583       19.6003227    
   19.8303585       19.6003265    
   19.8403587       19.6003151    
   19.8503590       19.6003227    
   19.8603592       19.6003304    
   19.8703594       19.6003170    
   19.8803596       19.6002979    
   19.8903599       19.6002884    
   19.9003601       19.6002827    
   19.9103603       19.6002769    
   19.9203606       19.6002693    
   19.9303608       19.6002636    
   19.9403610       19.6002617    
   19.9503613       19.6002674    
   19.9603615       19.6002674    
   19.9703617       19.6002598    
   19.9803619       19.6002617    
   19.9903622       19.6002693    
   20.0003624       19.6002674    
   20.0103626       19.6002617    
   20.0203629       19.6002598    
   20.0303631       19.6002617    
   20.0403633       19.6002674    
