   9.9999997764825821E-003  -9.8000001907348633     
   1.9999999552965164E-002  -9.8000001907348633     
   2.9999999329447746E-002  -9.8000001907348633     
   3.9999999105930328E-002  -9.8000001907348633     
   4.9999998882412910E-002  -9.8000001907348633     
   5.9999998658895493E-002  -9.8000001907348633     
   6.9999998435378075E-002  -9.8000001907348633     
   7.9999998211860657E-002  -9.8000001907348633     
   8.9999997988343239E-002  -9.8000001907348633     
   9.9999997764825821E-002  -9.8000001907348633     
  0.10999999754130840       -9.8000001907348633     
  0.11999999731779099       -9.8000001907348633     
  0.12999999709427357       -9.8000001907348633     
  0.13999999687075615       -9.8000001907348633     
  0.14999999664723873       -9.8000001907348633     
  0.15999999642372131       -9.8000001907348633     
  0.16999999620020390       -9.8000001907348633     
  0.17999999597668648       -9.8000001907348633     
  0.18999999575316906       -9.8000001907348633     
  0.19999999552965164       -9.8000001907348633     
  0.20999999530613422       -9.8000001907348633     
  0.21999999508261681       -9.8000001907348633     
  0.22999999485909939       -9.8000001907348633     
  0.23999999463558197       -9.8000001907348633     
  0.24999999441206455       -9.8000001907348633     
  0.25999999418854713       -9.8000001907348633     
  0.26999999396502972       -9.8000001907348633     
  0.27999999374151230       -9.8000001907348633     
  0.28999999351799488       -9.8000001907348633     
  0.29999999329447746       -9.8000001907348633     
  0.30999999307096004       -9.8000001907348633     
  0.31999999284744263       -9.8000001907348633     
  0.32999999262392521       -9.8000001907348633     
  0.33999999240040779       -9.8000001907348633     
  0.34999999217689037       -9.8000001907348633     
  0.35999999195337296       -9.8000001907348633     
  0.36999999172985554       -9.8000001907348633     
  0.37999999150633812       -9.8000001907348633     
  0.38999999128282070       -9.8000001907348633     
  0.39999999105930328       -9.8000001907348633     
  0.40999999083578587       -9.8000001907348633     
  0.41999999061226845       -9.8000001907348633     
  0.42999999038875103       -9.8000001907348633     
  0.43999999016523361       -9.8000001907348633     
  0.44999998994171619       -9.8000001907348633     
  0.45999998971819878       -9.8000001907348633     
  0.46999998949468136       -9.8000001907348633     
  0.47999998927116394       -9.8000001907348633     
  0.48999998904764652       -9.8000001907348633     
  0.49999998882412910       -9.8000001907348633     
  0.50999998860061169       -9.8000001907348633     
  0.51999998837709427       -9.8000001907348633     
  0.52999998815357685       -9.8000001907348633     
  0.53999998793005943       -9.8000001907348633     
  0.54999998770654202       -9.8000001907348633     
  0.55999998748302460       -9.8000001907348633     
  0.56999998725950718       -9.8000001907348633     
  0.57999998703598976       -9.8000001907348633     
  0.58999998681247234       -9.8000001907348633     
  0.59999998658895493       -9.8000001907348633     
  0.60999998636543751       -9.8000001907348633     
  0.61999998614192009       -9.8000001907348633     
  0.62999998591840267       -9.8000001907348633     
  0.63999998569488525       -9.8000001907348633     
  0.64999998547136784       -9.8000001907348633     
  0.65999998524785042       -9.8000001907348633     
  0.66999998502433300       -9.8000001907348633     
  0.67999998480081558       -9.8000001907348633     
  0.68999998457729816       -9.8000001907348633     
  0.69999998435378075       -9.8000001907348633     
  0.70999998413026333       -9.8000001907348633     
  0.71999998390674591       -9.8000001907348633     
  0.72999998368322849       -9.8000001907348633     
  0.73999998345971107       -9.8000001907348633     
  0.74999998323619366       -9.8000001907348633     
  0.75999998301267624       -9.8000001907348633     
  0.76999998278915882       -9.8000001907348633     
  0.77999998256564140       -9.8000001907348633     
  0.78999998234212399       -9.8000001907348633     
  0.79999998211860657       -9.8000001907348633     
  0.80999998189508915       -9.8000001907348633     
  0.81999998167157173       -9.8000001907348633     
  0.82999998144805431       -9.8000001907348633     
  0.83999998122453690       -9.8000001907348633     
  0.84999998100101948       -9.8000001907348633     
  0.85999998077750206       -9.8000001907348633     
  0.86999998055398464       -9.8000001907348633     
  0.87999998033046722       -9.8000001907348633     
  0.88999998010694981       -9.8000001907348633     
  0.89999997988343239       -9.8000001907348633     
  0.90999997965991497       -9.8000001907348633     
  0.91999997943639755       -9.8000001907348633     
  0.92999997921288013       -9.8000001907348633     
  0.93999997898936272       -9.8000001907348633     
  0.94999997876584530       -9.8000001907348633     
  0.95999997854232788       -9.8000001907348633     
  0.96999997831881046       -9.8000001907348633     
  0.97999997809529305       -9.8000001907348633     
  0.98999997787177563       -9.8000001907348633     
  0.99999997764825821       -9.8000001907348633     
   1.0099999774247408       -9.8000001907348633     
   1.0199999772012234       -9.8000001907348633     
   1.0299999769777060       -9.8000001907348633     
   1.0399999767541885       -9.8000001907348633     
   1.0499999765306711       -9.8000001907348633     
   1.0599999763071537       -9.8000001907348633     
   1.0699999760836363       -9.8000001907348633     
   1.0799999758601189       -9.8000001907348633     
   1.0899999756366014       -9.8000001907348633     
   1.0999999754130840       -9.8000001907348633     
   1.1099999751895666       -9.8000001907348633     
   1.1199999749660492       -9.8000001907348633     
   1.1299999747425318       -9.8000001907348633     
   1.1399999745190144       -9.8000001907348633     
   1.1499999742954969       -9.8000001907348633     
   1.1599999740719795       -9.8000001907348633     
   1.1699999738484621       -9.8000001907348633     
   1.1799999736249447       -9.8000001907348633     
   1.1899999734014273       -9.8000001907348633     
   1.1999999731779099       -9.8000001907348633     
   1.2099999729543924       -9.8000001907348633     
   1.2199999727308750       -9.8000001907348633     
   1.2299999725073576       -9.8000001907348633     
   1.2399999722838402       -9.8000001907348633     
   1.2499999720603228       -9.8000001907348633     
   1.2599999718368053       -9.8000001907348633     
   1.2699999716132879       -9.8000001907348633     
   1.2799999713897705       -9.8000001907348633     
   1.2899999711662531       -9.8000001907348633     
   1.2999999709427357       -9.8000001907348633     
   1.3099999707192183       -9.8000001907348633     
   1.3199999704957008       -9.8000001907348633     
   1.3299999702721834       -9.8000001907348633     
   1.3399999700486660       -9.8000001907348633     
   1.3499999698251486       -9.8000001907348633     
   1.3599999696016312       -9.8000001907348633     
   1.3699999693781137       -9.8000001907348633     
   1.3799999691545963       -9.8000001907348633     
   1.3899999689310789       -9.8000001907348633     
   1.3999999687075615       -9.8000001907348633     
   1.4099999684840441       -9.8000001907348633     
   1.4199999682605267       -9.8000001907348633     
   1.4299999680370092       -9.8000001907348633     
   1.4399999678134918       -9.8000001907348633     
   1.4499999675899744       -9.8000001907348633     
   1.4599999673664570       -9.8000001907348633     
   1.4699999671429396       -9.8000001907348633     
   1.4799999669194221       -9.8000001907348633     
   1.4899999666959047       -9.8000001907348633     
   1.4999999664723873       -9.8000001907348633     
   1.5099999662488699       -9.8000001907348633     
   1.5199999660253525       -9.8000001907348633     
   1.5299999658018351       -9.8000001907348633     
   1.5399999655783176       -9.8000001907348633     
   1.5499999653548002       -9.8000001907348633     
   1.5599999651312828       -9.8000001907348633     
   1.5699999649077654       -9.8000001907348633     
   1.5799999646842480       -9.8000001907348633     
   1.5899999644607306       -9.8000001907348633     
   1.5999999642372131       -9.8000001907348633     
   1.6099999640136957       -9.8000001907348633     
   1.6199999637901783       -9.8000001907348633     
   1.6299999635666609       -9.8000001907348633     
   1.6399999633431435       -9.8000001907348633     
   1.6499999631196260       -9.8000001907348633     
   1.6599999628961086       -9.8000001907348633     
   1.6699999626725912       -9.8000001907348633     
   1.6799999624490738       -9.8000001907348633     
   1.6899999622255564       -9.8000001907348633     
   1.6999999620020390       -9.8000001907348633     
   1.7099999617785215       -9.8000001907348633     
   1.7199999615550041       -9.8000001907348633     
   1.7299999613314867       -9.8000001907348633     
   1.7399999611079693       -9.8000001907348633     
   1.7499999608844519       -9.8000001907348633     
   1.7599999606609344       -9.8000001907348633     
   1.7699999604374170       -9.8000001907348633     
   1.7799999602138996       -9.8000001907348633     
   1.7899999599903822       -9.8000001907348633     
   1.7999999597668648       -9.8000001907348633     
   1.8099999595433474       -9.8000001907348633     
   1.8199999593198299       -9.8000001907348633     
   1.8299999590963125       -9.8000001907348633     
   1.8399999588727951       -9.8000001907348633     
   1.8499999586492777       -9.8000001907348633     
   1.8599999584257603       -9.8000001907348633     
   1.8699999582022429       -9.8000001907348633     
   1.8799999579787254       -9.8000001907348633     
   1.8899999577552080       -9.8000001907348633     
   1.8999999575316906       -9.8000001907348633     
   1.9099999573081732       -9.8000001907348633     
   1.9199999570846558       -9.8000001907348633     
   1.9299999568611383       -9.8000001907348633     
   1.9399999566376209       -9.8000001907348633     
   1.9499999564141035       -9.8000001907348633     
   1.9599999561905861       -9.8000001907348633     
   1.9699999559670687       -9.8000001907348633     
   1.9799999557435513       -9.8000001907348633     
   1.9899999555200338       -9.8000001907348633     
   1.9999999552965164       -9.8000001907348633     
   2.0099999550729990       -9.8000001907348633     
   2.0199999548494816       -9.8000001907348633     
   2.0299999546259642       -9.8000001907348633     
   2.0399999544024467       -9.8000001907348633     
   2.0499999541789293       -9.8000001907348633     
   2.0599999539554119       -9.8000001907348633     
   2.0699999537318945       -9.8000001907348633     
   2.0799999535083771       -9.8000001907348633     
   2.0899999532848597       -9.8000001907348633     
   2.0999999530613422       -9.8000001907348633     
   2.1099999528378248       -9.8000001907348633     
   2.1199999526143074       -9.8000001907348633     
   2.1299999523907900       -9.8000001907348633     
   2.1399999521672726       -9.8000001907348633     
   2.1499999519437551       -9.8000001907348633     
   2.1599999517202377       -9.8000001907348633     
   2.1699999514967203       -9.8000001907348633     
   2.1799999512732029       -9.8000001907348633     
   2.1899999510496855       -9.8000001907348633     
   2.1999999508261681       -9.8000001907348633     
   2.2099999506026506       -9.8000001907348633     
   2.2199999503791332       -9.8000001907348633     
   2.2299999501556158       -9.8000001907348633     
   2.2399999499320984       -9.8000001907348633     
   2.2499999497085810       -9.8000001907348633     
   2.2599999494850636       -9.8000001907348633     
   2.2699999492615461       -9.8000001907348633     
   2.2799999490380287       -9.8000001907348633     
   2.2899999488145113       -9.8000001907348633     
   2.2999999485909939       -9.8000001907348633     
   2.3099999483674765       -9.8000001907348633     
   2.3199999481439590       -9.8000001907348633     
   2.3299999479204416       -9.8000001907348633     
   2.3399999476969242       -9.8000001907348633     
   2.3499999474734068       -9.8000001907348633     
   2.3599999472498894       -9.8000001907348633     
   2.3699999470263720       -9.8000001907348633     
   2.3799999468028545       -9.8000001907348633     
   2.3899999465793371       -9.8000001907348633     
   2.3999999463558197       -9.8000001907348633     
   2.4099999461323023       -9.8000001907348633     
   2.4199999459087849       -9.8000001907348633     
   2.4299999456852674       -9.8000001907348633     
   2.4399999454617500       -9.8000001907348633     
   2.4499999452382326       -9.8000001907348633     
   2.4599999450147152       -9.8000001907348633     
   2.4699999447911978       -9.8000001907348633     
   2.4799999445676804       -9.8000001907348633     
   2.4899999443441629       -9.8000001907348633     
   2.4999999441206455       -9.8000001907348633     
   2.5099999438971281       -9.8000001907348633     
   2.5199999436736107       -9.8000001907348633     
   2.5299999434500933       -9.8000001907348633     
   2.5399999432265759       -9.8000001907348633     
   2.5499999430030584       -9.8000001907348633     
   2.5599999427795410       -9.8000001907348633     
   2.5699999425560236       -9.8000001907348633     
   2.5799999423325062       -9.8000001907348633     
   2.5899999421089888       -9.8000001907348633     
   2.5999999418854713       -9.8000001907348633     
   2.6099999416619539       -9.8000001907348633     
   2.6199999414384365       -9.8000001907348633     
   2.6299999412149191       -9.8000001907348633     
   2.6399999409914017       -9.8000001907348633     
   2.6499999407678843       -9.8000001907348633     
   2.6599999405443668       -9.8000001907348633     
   2.6699999403208494       -9.8000001907348633     
   2.6799999400973320       -9.8000001907348633     
   2.6899999398738146       -9.8000001907348633     
   2.6999999396502972       -9.8000001907348633     
   2.7099999394267797       -9.8000001907348633     
   2.7199999392032623       -9.8000001907348633     
   2.7299999389797449       -9.8000001907348633     
   2.7399999387562275       -9.8000001907348633     
   2.7499999385327101       -9.8000001907348633     
   2.7599999383091927       -9.8000001907348633     
   2.7699999380856752       -9.8000001907348633     
   2.7799999378621578       -9.8000001907348633     
   2.7899999376386404       -9.8000001907348633     
   2.7999999374151230       -9.8000001907348633     
   2.8099999371916056       -9.8000001907348633     
   2.8199999369680882       -9.8000001907348633     
   2.8299999367445707       -9.8000001907348633     
   2.8399999365210533       -9.8000001907348633     
   2.8499999362975359       -9.8000001907348633     
   2.8599999360740185       -9.8000001907348633     
   2.8699999358505011       -9.8000001907348633     
   2.8799999356269836       -9.8000001907348633     
   2.8899999354034662       -9.8000001907348633     
   2.8999999351799488       -9.8000001907348633     
   2.9099999349564314       -9.8000001907348633     
   2.9199999347329140       -9.8000001907348633     
   2.9299999345093966       -9.8000001907348633     
   2.9399999342858791       -9.8000001907348633     
   2.9499999340623617       -9.8000001907348633     
   2.9599999338388443       -9.8000001907348633     
   2.9699999336153269       -9.8000001907348633     
   2.9799999333918095       -9.8000001907348633     
   2.9899999331682920       -9.8000001907348633     
   2.9999999329447746       -9.8000001907348633     
   3.0099999327212572       -9.8000001907348633     
   3.0199999324977398       -9.8000001907348633     
   3.0299999322742224       -9.8000001907348633     
   3.0399999320507050       -9.8000001907348633     
   3.0499999318271875       -9.8000001907348633     
