   9.9999997764825821E-003  -9.8000001907348633     
   1.9999999552965164E-002  -9.7998983124604084     
   2.9999999329447746E-002  -9.7995926818734329     
   3.9999999105930328E-002  -9.7990833180372370     
   4.9999998882412910E-002  -9.7983702569576590     
   5.9999998658895493E-002  -9.7974535515775845     
   6.9999998435378075E-002  -9.7963332717684342     
   7.9999998211860657E-002  -9.7950095043186902     
   8.9999997988343239E-002  -9.7934823529194119     
   9.9999997764825821E-002  -9.7917519381467866     
  0.10999999754130840       -9.7898183974416924     
  0.11999999731779099       -9.7876818850862950     
  0.12999999709427357       -9.7853425721776688     
  0.13999999687075615       -9.7828006465984849     
  0.14999999664723873       -9.7800563129847156     
  0.15999999642372131       -9.7771097926904353     
  0.16999999620020390       -9.7739613237496759     
  0.17999999597668648       -9.7706111608353545     
  0.18999999575316906       -9.7670595752153240     
  0.19999999552965164       -9.7633068547055082     
  0.20999999530613422       -9.7593533036201681     
  0.21999999508261681       -9.7551992427193088     
  0.22999999485909939       -9.7508450091532275     
  0.23999999463558197       -9.7462909564042484     
  0.24999999441206455       -9.7415374542256181     
  0.25999999418854713       -9.7365848885776387     
  0.26999999396502972       -9.7314336615609918     
  0.27999999374151230       -9.7260841913473293     
  0.28999999351799488       -9.7205369121071143     
  0.29999999329447746       -9.7147922739347514     
  0.30999999307096004       -9.7088507427710269     
  0.31999999284744263       -9.7027128003228817     
  0.32999999262392521       -9.6963789439805197     
  0.33999999240040779       -9.6898496867319199     
  0.34999999217689037       -9.6831255570747370     
  0.35999999195337296       -9.6762070989256319     
  0.36999999172985554       -9.6690948715270579     
  0.37999999150633812       -9.6617894493515397     
  0.38999999128282070       -9.6542914220034532     
  0.39999999105930328       -9.6466013941183437     
  0.40999999083578587       -9.6387199852598258     
  0.41999999061226845       -9.6306478298140643     
  0.42999999038875103       -9.6223855768819089     
  0.43999999016523361       -9.6139338901686635     
  0.44999998994171619       -9.6052934478715652     
  0.45999998971819878       -9.5964649425649906     
  0.46999998949468136       -9.5874490810834061     
  0.47999998927116394       -9.5782465844021267     
  0.48999998904764652       -9.5688581875158878     
  0.49999998882412910       -9.5592846393152868     
  0.50999998860061169       -9.5495267024611188     
  0.51999998837709427       -9.5395851532566454     
  0.52999998815357685       -9.5294607815178249     
  0.53999998793005943       -9.5191543904415603     
  0.54999998770654202       -9.5086667964719780     
  0.55999998748302460       -9.4979988291647945     
  0.56999998725950718       -9.4871513310497981     
  0.57999998703598976       -9.4761251574914844     
  0.58999998681247234       -9.4649211765478949     
  0.59999998658895493       -9.4535402688276875     
  0.60999998636543751       -9.4419833273454756     
  0.61999998614192009       -9.4302512573754882     
  0.62999998591840267       -9.4183449763035902     
  0.63999998569488525       -9.4062654134776835     
  0.64999998547136784       -9.3940135100565616     
  0.65999998524785042       -9.3815902188572231     
  0.66999998502433300       -9.3689965042007337     
  0.67999998480081558       -9.3562333417566119     
  0.68999998457729816       -9.3433017183858524     
  0.69999998435378075       -9.3302026319825764     
  0.70999998413026333       -9.3169370913143705     
  0.71999998390674591       -9.3035061158613708     
  0.72999998368322849       -9.2899107356540949     
  0.73999998345971107       -9.2761519911101189     
  0.74999998323619366       -9.2622309328695955     
  0.75999998301267624       -9.2481486216296815     
  0.76999998278915882       -9.2339061279779031     
  0.77999998256564140       -9.2195045322245317     
  0.78999998234212399       -9.2049449242339616     
  0.79999998211860657       -9.1902284032551975     
  0.80999998189508915       -9.1753560777514327     
  0.81999998167157173       -9.1603290652288081     
  0.82999998144805431       -9.1451484920643775     
  0.83999998122453690       -9.1298154933333180     
  0.84999998100101948       -9.1143312126354292     
  0.85999998077750206       -9.0986968019209886     
  0.86999998055398464       -9.0829134213159701     
  0.87999998033046722       -9.0669822389466983     
  0.88999998010694981       -9.0509044307639552     
  0.89999997988343239       -9.0346811803666220     
  0.90999997965991497       -9.0183136788248515     
  0.91999997943639755       -9.0018031245028496     
  0.92999997921288013       -8.9851507228812899     
  0.93999997898936272       -8.9683576863794201     
  0.94999997876584530       -8.9514252341768739     
  0.95999997854232788       -8.9343545920352732     
  0.96999997831881046       -8.9171469921196209     
  0.97999997809529305       -8.8998036728195480     
  0.98999997787177563       -8.8823258785704571     
  0.99999997764825821       -8.8647148596745922     
   1.0099999774247408       -8.8469718721220900     
   1.0199999772012234       -8.8290981774120354     
   1.0299999769777060       -8.8110950423735837     
   1.0399999767541885       -8.7929637389871651     
   1.0499999765306711       -8.7747055442058368     
   1.0599999763071537       -8.7563217397768049     
   1.0699999760836363       -8.7378136120631495     
   1.0799999758601189       -8.7191824518658212     
   1.0899999756366014       -8.7004295542459129     
   1.0999999754130840       -8.6815562183472661     
   1.1099999751895666       -8.6625637472194441     
   1.1199999749660492       -8.6434534476411038     
   1.1299999747425318       -8.6242266299438253     
   1.1399999745190144       -8.6048846078363859     
   1.1499999742954969       -8.5854286982295847     
   1.1599999740719795       -8.5658602210615875     
   1.1699999738484621       -8.5461804991238726     
   1.1799999736249447       -8.5263908578877814     
   1.1899999734014273       -8.5064926253317381     
   1.1999999731779099       -8.4864871317691417     
   1.2099999729543924       -8.4663757096769832     
   1.2199999727308750       -8.4461596935252246     
   1.2299999725073576       -8.4258404196069421     
   1.2399999722838402       -8.4054192258693075     
   1.2499999720603228       -8.3848974517454096     
   1.2599999718368053       -8.3642764379869519     
   1.2699999716132879       -8.3435575264978628     
   1.2799999713897705       -8.3227420601688493     
   1.2899999711662531       -8.3018313827129138     
   1.2999999709427357       -8.2808268385018682     
   1.3099999707192183       -8.2597297724038778     
   1.3199999704957008       -8.2385415296220561     
   1.3299999702721834       -8.2172634555341446     
   1.3399999700486660       -8.1958968955332878     
   1.3499999698251486       -8.1744431948699585     
   1.3599999696016312       -8.1529036984950256     
   1.3699999693781137       -8.1312797509040156     
   1.3799999691545963       -8.1095726959825836     
   1.3899999689310789       -8.0877838768531998     
   1.3999999687075615       -8.0659146357231144     
   1.4099999684840441       -8.0439663137335824     
   1.4199999682605267       -8.0219402508103954     
   1.4299999680370092       -7.9998377855157337     
   1.4399999678134918       -7.9776602549013527     
   1.4499999675899744       -7.9554089943631503     
   1.4599999673664570       -7.9330853374970953     
   1.4699999671429396       -7.9106906159565735     
   1.4799999669194221       -7.8882261593111398     
   1.4899999666959047       -7.8656932949067206     
   1.4999999664723873       -7.8430933477272635     
   1.5099999662488699       -7.8204276402578614     
   1.5199999660253525       -7.7976974923493687     
   1.5299999658018351       -7.7749042210845172     
   1.5399999655783176       -7.7520491406455516     
   1.5499999653548002       -7.7291335621833994     
   1.5599999651312828       -7.7061587936883944     
   1.5699999649077654       -7.6831261398625497     
   1.5799999646842480       -7.6600369019934149     
   1.5899999644607306       -7.6368923778295201     
   1.5999999642372131       -7.6136938614574081     
   1.6099999640136957       -7.5904426431802845     
   1.6199999637901783       -7.5671400093982868     
   1.6299999635666609       -7.5437872424903816     
   1.6399999633431435       -7.5203856206978976     
   1.6499999631196260       -7.4969364180097156     
   1.6599999628961086       -7.4734409040491077     
   1.6699999626725912       -7.4499003439622449     
   1.6799999624490738       -7.4263159983083735     
   1.6899999622255564       -7.4026891229516725     
   1.6999999620020390       -7.3790209689547925     
   1.7099999617785215       -7.3553127824740940     
   1.7199999615550041       -7.3315658046565648     
   1.7299999613314867       -7.3077812715384587     
   1.7399999611079693       -7.2839604139456160     
   1.7499999608844519       -7.2601044573955136     
   1.7599999606609344       -7.2362146220010120     
   1.7699999604374170       -7.2122921223758176     
   1.7799999602138996       -7.1883381675416729     
   1.7899999599903822       -7.1643539608372446     
   1.7999999597668648       -7.1403406998287480     
   1.8099999595433474       -7.1162995762222856     
   1.8199999593198299       -7.0922317757778996     
   1.8299999590963125       -7.0681384782253538     
   1.8399999588727951       -7.0440208571816205     
   1.8499999586492777       -7.0198800800701093     
   1.8599999584257603       -6.9957173080415824     
   1.8699999582022429       -6.9715336958968077     
   1.8799999579787254       -6.9473303920109100     
   1.8899999577552080       -6.9231085382594397     
   1.8999999575316906       -6.8988692699461414     
   1.9099999573081732       -6.8746137157324263     
   1.9199999570846558       -6.8503429975685464     
   1.9299999568611383       -6.8260582306264519     
   1.9399999566376209       -6.8017605232343525     
   1.9499999564141035       -6.7774509768129452     
   1.9599999561905861       -6.7531306858133338     
   1.9699999559670687       -6.7288007376566119     
   1.9799999557435513       -6.7044622126751108     
   1.9899999555200338       -6.6801161840553158     
   1.9999999552965164       -6.6557637177824196     
   2.0099999550729990       -6.6314058725865301     
   2.0199999548494816       -6.6070436998905127     
   2.0299999546259642       -6.5826782437594566     
   2.0399999544024467       -6.5583105408517657     
   2.0499999541789293       -6.5339416203718592     
   2.0599999539554119       -6.5095725040244750     
   2.0699999537318945       -6.4852042059705619     
   2.0799999535083771       -6.4608377327847615     
   2.0899999532848597       -6.4364740834144589     
   2.0999999530613422       -6.4121142491403980     
   2.1099999528378248       -6.3877592135388488     
   2.1199999526143074       -6.3634099524453198     
   2.1299999523907900       -6.3390674339197997     
   2.1399999521672726       -6.3147326182135135     
   2.1499999519437551       -6.2904064577372001     
   2.1599999517202377       -6.2660898970308754     
   2.1699999514967203       -6.2417838727350832     
   2.1799999512732029       -6.2174893135636236     
   2.1899999510496855       -6.1932071402777344     
   2.1999999508261681       -6.1689382656617298     
   2.2099999506026506       -6.1446835945000693     
   2.2199999503791332       -6.1204440235558426     
   2.2299999501556158       -6.0962204415506811     
   2.2399999499320984       -6.0720137291460503     
   2.2499999497085810       -6.0478247589259277     
   2.2599999494850636       -6.0236543953808575     
   2.2699999492615461       -5.9995034948933519     
   2.2799999490380287       -5.9753729057246403     
   2.2899999488145113       -5.9512634680027423     
   2.2999999485909939       -5.9271760137118550     
   2.3099999483674765       -5.9031113666830404     
   2.3199999481439590       -5.8790703425861945     
   2.3299999479204416       -5.8550537489232930     
   2.3399999476969242       -5.8310623850228840     
   2.3499999474734068       -5.8070970420358270     
   2.3599999472498894       -5.7831585029322552     
   2.3699999470263720       -5.7592475424997556     
   2.3799999468028545       -5.7353649273427285     
   2.3899999465793371       -5.7115114158829501     
   2.3999999463558197       -5.6876877583612782     
   2.4099999461323023       -5.6638946968405302     
   2.4199999459087849       -5.6401329652094754     
   2.4299999456852674       -5.6164032891879643     
   2.4399999454617500       -5.5927063863331492     
   2.4499999452382326       -5.5690429660468013     
   2.4599999450147152       -5.5454137295836992     
   2.4699999447911978       -5.5218193700610749     
   2.4799999445676804       -5.4982605724691025     
   2.4899999443441629       -5.4747380136824075     
   2.4999999441206455       -5.4512523624726024     
   2.5099999438971281       -5.4278042795217987     
   2.5199999436736107       -5.4043944174371141     
   2.5299999434500933       -5.3810234207661338     
   2.5399999432265759       -5.3576919260133273     
   2.5499999430030584       -5.3344005616573931     
   2.5599999427795410       -5.3111499481695192     
   2.5699999425560236       -5.2879406980325552     
   2.5799999423325062       -5.2647734157610602     
   2.5899999421089888       -5.2416486979222237     
   2.5999999418854713       -5.2185671331576424     
   2.6099999416619539       -5.1955293022059408     
   2.6199999414384365       -5.1725357779262078     
   2.6299999412149191       -5.1495871253222454     
   2.6399999409914017       -5.1266839015676116     
   2.6499999407678843       -5.1038266560314423     
   2.6599999405443668       -5.0810159303050302     
   2.6699999403208494       -5.0582522582291576     
   2.6799999400973320       -5.0355361659221574     
   2.6899999398738146       -5.0128681718086900     
   2.6999999396502972       -4.9902487866492304     
   2.7099999394267797       -4.9676785135702293     
   2.7199999392032623       -4.9451578480949525     
   2.7299999389797449       -4.9226872781749877     
   2.7399999387562275       -4.9002672842223758     
   2.7499999385327101       -4.8778983391423782     
   2.7599999383091927       -4.8555809083668651     
   2.7699999380856752       -4.8333154498882882     
   2.7799999378621578       -4.8111024142942460     
   2.7899999376386404       -4.7889422448026204     
   2.7999999374151230       -4.7668353772972623     
   2.8099999371916056       -4.7447822403642270     
   2.8199999369680882       -4.7227832553285305     
   2.8299999367445707       -4.7008388362914220     
   2.8399999365210533       -4.6789493901681567     
   2.8499999362975359       -4.6571153167262560     
   2.8599999360740185       -4.6353370086242345     
   2.8699999358505011       -4.6136148514507900     
   2.8799999356269836       -4.5919492237644413     
   2.8899999354034662       -4.5703404971335964     
   2.8999999351799488       -4.5487890361770340     
   2.9099999349564314       -4.5272951986048042     
   2.9199999347329140       -4.5058593352595020     
   2.9299999345093966       -4.4844817901579459     
   2.9399999342858791       -4.4631629005332041     
   2.9499999340623617       -4.4419029968769799     
   2.9599999338388443       -4.4207024029823536     
   2.9699999336153269       -4.3995614359868336     
   2.9799999333918095       -4.3784804064157390     
   2.9899999331682920       -4.3574596182258816     
   2.9999999329447746       -4.3364993688495517     
   3.0099999327212572       -4.3155999492387744     
   3.0199999324977398       -4.2947616439098395     
   3.0299999322742224       -4.2739847309880954     
   3.0399999320507050       -4.2532694822529837     
   3.0499999318271875       -4.2326161631833195     
   3.0599999316036701       -4.2120250330027798     
   3.0699999313801527       -4.1914963447256293     
   3.0799999311566353       -4.1710303452026265     
   3.0899999309331179       -4.1506272751671371     
   3.0999999307096004       -4.1302873692814233     
   3.1099999304860830       -4.1100108561831057     
   3.1199999302625656       -4.0897979585317845     
   3.1299999300390482       -4.0696488930558132     
   3.1399999298155308       -4.0495638705992123     
   3.1499999295920134       -4.0295430961687151     
   3.1599999293684959       -4.0095867689809310     
   3.1699999291449785       -3.9896950825096242     
   3.1799999289214611       -3.9698682245330890     
   3.1899999286979437       -3.9501063771816209     
   3.1999999284744263       -3.9304097169850740     
   3.2099999282509089       -3.9107784149204834     
   3.2199999280273914       -3.8912126364597581     
   3.2299999278038740       -3.8717125416174349     
   3.2399999275803566       -3.8522782849984667     
   3.2499999273568392       -3.8329100158460623     
   3.2599999271333218       -3.8136078780895506     
   3.2699999269098043       -3.7943720103922640     
   3.2799999266862869       -3.7752025461994494     
   3.2899999264627695       -3.7560996137861613     
   3.2999999262392521       -3.7370633363051802     
   3.3099999260157347       -3.7180938318348966     
   3.3199999257922173       -3.6991912134271994     
   3.3299999255686998       -3.6803555891553188     
   3.3399999253451824       -3.6615870621616571     
   3.3499999251216650       -3.6428857307055624     
   3.3599999248981476       -3.6242516882110669     
   3.3699999246746302       -3.6056850233145710     
   3.3799999244511127       -3.5871858199124569     
   3.3899999242275953       -3.5687541572086499     
   3.3999999240040779       -3.5503901097620938     
   3.4099999237805605       -3.5320937475341561     
   3.4199999235570431       -3.5138651359359372     
   3.4299999233335257       -3.4957043358754962     
   3.4399999231100082       -3.4776114038049695     
   3.4499999228864908       -3.4595863917675898     
   3.4599999226629734       -3.4416293474445965     
   3.4699999224394560       -3.4237403142020257     
   3.4799999222159386       -3.4059193311373779     
   3.4899999219924212       -3.3881664331261616     
   3.4999999217689037       -3.3704816508683093     
   3.5099999215453863       -3.3528650109344404     
   3.5199999213218689       -3.3353165358119963     
   3.5299999210983515       -3.3178362439512208     
   3.5399999208748341       -3.3004241498109916     
   3.5499999206513166       -3.2830802639044849     
   3.5599999204277992       -3.2658045928446970     
   3.5699999202042818       -3.2485971393897781     
   3.5799999199807644       -3.2314579024882004     
   3.5899999197572470       -3.2143868773237658     
   3.5999999195337296       -3.1973840553604207     
   3.6099999193102121       -3.1804494243868833     
   3.6199999190866947       -3.1635829685610917     
   3.6299999188631773       -3.1467846684544645     
   3.6399999186396599       -3.1300545010959526     
   3.6499999184161425       -3.1133924400159003     
   3.6599999181926250       -3.0967984552897114     
   3.6699999179691076       -3.0802725135812903     
   3.6799999177455902       -3.0638145781862924     
   3.6899999175220728       -3.0474246090751533     
   3.6999999172985554       -3.0311025629358994     
   3.7099999170750380       -3.0148483932167514     
   3.7199999168515205       -2.9986620501684893     
   3.7299999166280031       -2.9825434808866094     
   3.7399999164044857       -2.9664926293532474     
   3.7499999161809683       -2.9505094364788604     
   3.7599999159574509       -2.9345938401436999     
   3.7699999157339334       -2.9187457752390324     
   3.7799999155104160       -2.9029651737081190     
   3.7899999152868986       -2.8872519645869721     
   3.7999999150633812       -2.8716060740448581     
   3.8099999148398638       -2.8560274254245535     
   3.8199999146163464       -2.8405159392823718     
   3.8299999143928289       -2.8250715334279111     
   3.8399999141693115       -2.8096941229635917     
   3.8499999139457941       -2.7943836203239014     
   3.8599999137222767       -2.7791399353144195     
   3.8699999134987593       -2.7639629751505677     
   3.8799999132752419       -2.7488526444960977     
   3.8899999130517244       -2.7338088455013523     
   3.8999999128282070       -2.7188314778412259     
   3.9099999126046896       -2.7039204387528937     
   3.9199999123811722       -2.6890756230732604     
   3.9299999121576548       -2.6742969232761533     
   3.9399999119341373       -2.6595842295092558     
   3.9499999117106199       -2.6449374296307608     
   3.9599999114871025       -2.6303564092457679     
   3.9699999112635851       -2.6158410517424091     
   3.9799999110400677       -2.6013912383277047     
   3.9899999108165503       -2.5870068480631474     
   3.9999999105930328       -2.5726877579000309     
   4.0099999103695154       -2.5584338427144795     
   4.0199999101459980       -2.5442449753422354     
   4.0299999099224806       -2.5301210266131475     
   4.0399999096989632       -2.5160618653854199     
   4.0499999094754457       -2.5020673585795441     
   4.0599999092519283       -2.4881373712119990     
   4.0699999090284109       -2.4742717664286484     
   4.0799999088048935       -2.4604704055378823     
   4.0899999085813761       -2.4467331480434718     
   4.0999999083578587       -2.4330598516771555     
   4.1099999081343412       -2.4194503724309468     
   4.1199999079108238       -2.4059045645891732     
   4.1299999076873064       -2.3924222807602300     
   4.1399999074637890       -2.3790033719080794     
   4.1499999072402716       -2.3656476873834436     
   4.1599999070167542       -2.3523550749547519     
   4.1699999067932367       -2.3391253808388068     
   4.1799999065697193       -2.3259584497311545     
   4.1899999063462019       -2.3128541248362176     
   4.1999999061226845       -2.2998122478971261     
   4.2099999058991671       -2.2868326592252810     
   4.2199999056756496       -2.2739151977296572     
   4.2299999054521322       -2.2610597009458173     
   4.2399999052286148       -2.2482660050646635     
   4.2499999050050974       -2.2355339449609177     
   4.2599999047815800       -2.2228633542213290     
   4.2699999045580626       -2.2102540651726050     
   4.2799999043345451       -2.1977059089090840     
   4.2899999041110277       -2.1852187153201301     
   4.2999999038875103       -2.1727923131172675     
   4.3099999036639929       -2.1604265298610370     
   4.3199999034404755       -2.1481211919875882     
   4.3299999032169580       -2.1358761248350238     
   4.3399999029934406       -2.1236911526694442     
   4.3499999027699232       -2.1115660987107594     
   4.3599999025464058       -2.0995007851582201     
   4.3699999023228884       -2.0874950332156903     
   4.3799999020993710       -2.0755486631166606     
   4.3899999018758535       -2.0636614941489961     
   4.3999999016523361       -2.0518333446794328     
   4.4099999014288187       -2.0400640321777983     
   4.4199999012053013       -2.0283533732410017     
   4.4299999009817839       -2.0167011836167337     
   4.4399999007582664       -2.0051072782269435     
   4.4499999005347490       -1.9935714711910419     
   4.4599999003112316       -1.9820935758488476     
   4.4699999000877142       -1.9706734047833043     
   4.4799998998641968       -1.9593107698429106     
   4.4899998996406794       -1.9480054821639472     
   4.4999998994171619       -1.9367573521924069     
   4.5099998991936445       -1.9255661897057132     
   4.5199998989701271       -1.9144318038341730     
   4.5299998987466097       -1.9033540030821925     
   4.5399998985230923       -1.8923325953492505     
   4.5499998982995749       -1.8813673879506245     
   4.5599998980760574       -1.8704581876378743     
   4.5699998978525400       -1.8596048006190964     
   4.5799998976290226       -1.8488070325789305     
   4.5899998974055052       -1.8380646886983332     
   4.5999998971819878       -1.8273775736741129     
   4.6099998969584703       -1.8167454917382377     
   4.6199998967349529       -1.8061682466768945     
   4.6299998965114355       -1.7956456418493385     
   4.6399998962879181       -1.7851774802065012     
   4.6499998960644007       -1.7747635643093691     
   4.6599998958408833       -1.7644036963471237     
   4.6699998956173658       -1.7540976781550963     
   4.6799998953938484       -1.7438453112324499     
   4.6899998951703310       -1.7336463967596654     
   4.6999998949468136       -1.7235007356158061     
   4.7099998947232962       -1.7134081283955496     
   4.7199998944997787       -1.7033683754260132     
   4.7299998942762613       -1.6933812767833682     
   4.7399998940527439       -1.6834466323092077     
   4.7499998938292265       -1.6735642416267460     
   4.7599998936057091       -1.6637339041567660     
   4.7699998933821917       -1.6539554191333821     
   4.7799998931586742       -1.6442285856195742     
   4.7899998929351568       -1.6345532025225378     
   4.7999998927116394       -1.6249290686088056     
   4.8099998924881220       -1.6153559825191692     
   4.8199998922646046       -1.6058337427834122     
   4.8299998920410872       -1.5963621478348262     
   4.8399998918175697       -1.5869409960245342     
   4.8499998915940523       -1.5775700856356067     
   4.8599998913705349       -1.5682492148969978     
   4.8699998911470175       -1.5589781819972739     
   4.8799998909235001       -1.5497567850981504     
   4.8899998906999826       -1.5405848223478316     
   4.8999998904764652       -1.5314620918941770     
   4.9099998902529478       -1.5223883918976568     
   4.9199998900294304       -1.5133635205441358     
   4.9299998898059130       -1.5043872760574590     
   4.9399998895823956       -1.4954594567118740     
   4.9499998893588781       -1.4865798608442482     
   4.9599998891353607       -1.4777482868661043     
   4.9699998889118433       -1.4689645332754981     
   4.9799998886883259       -1.4602283986687041     
   4.9899998884648085       -1.4515396817517221     
   4.9999998882412910       -1.4428981813516000     
   5.0099998880177736       -1.4343036964276248     
   5.0199998877942562       -1.4257560260822864     
   5.0299998875707388       -1.4172549695721006     
   5.0399998873472214       -1.4088003263182767     
   5.0499998871237040       -1.4003918959171795     
   5.0599998869001865       -1.3920294781506612     
   5.0699998866766691       -1.3837128729962060     
   5.0799998864531517       -1.3754418806369220     
   5.0899998862296343       -1.3672163014713803     
   5.0999998860061169       -1.3590359361232700     
   5.1099998857825994       -1.3509005854509191     
   5.1199998855590820       -1.3428100505566452     
   5.1299998853355646       -1.3347641327959590     
   5.1399998851120472       -1.3267626337866076     
   5.1499998848885298       -1.3188053554174655     
   5.1599998846650124       -1.3108920998572842     
   5.1699998844414949       -1.3030226695632834     
   5.1799998842179775       -1.2951968672895937     
   5.1899998839944601       -1.2874144960955594     
   5.1999998837709427       -1.2796753593539005     
   5.2099998835474253       -1.2719792607587088     
   5.2199998833239079       -1.2643260043333289     
   5.2299998831003904       -1.2567153944380873     
   5.2399998828768730       -1.2491472357778779     
   5.2499998826533556       -1.2416213334096202     
   5.2599998824298382       -1.2341374927495750     
   5.2699998822063208       -1.2266955195805185     
   5.2799998819828033       -1.2192952200587985     
   5.2899998817592859       -1.2119364007212514     
   5.2999998815357685       -1.2046188684919876     
   5.3099998813122511       -1.1973424306890426     
   5.3199998810887337       -1.1901068950309099     
   5.3299998808652163       -1.1829120696429509     
   5.3399998806416988       -1.1757577630636558     
   5.3499998804181814       -1.1686437842508148     
   5.3599998801946640       -1.1615699425875388     
   5.3699998799711466       -1.1545360478881737     
   5.3799998797476292       -1.1475419104040956     
   5.3899998795241117       -1.1405873408293701     
   5.3999998793005943       -1.1336721503063245     
   5.4099998790770769       -1.1267961504309767     
   5.4199998788535595       -1.1199591532583657     
   5.4299998786300421       -1.1131609713077601     
   5.4399998784065247       -1.1064014175677599     
   5.4499998781830072       -1.0996803055012947     
   5.4599998779594898       -1.0929974490504861     
   5.4699998777359724       -1.0863526626414437     
   5.4799998775124550       -1.0797457611889136     
   5.4899998772889376       -1.0731765601008387     
   5.4999998770654202       -1.0666448752828295     
   5.5099998768419027       -1.0601505231425072     
   5.5199998766183853       -1.0536933205937533     
   5.5299998763948679       -1.0472730850608603     
   5.5399998761713505       -1.0408896344825962     
   5.5499998759478331       -1.0345427873161377     
   5.5599998757243156       -1.0282323625409386     
   5.5699998755007982       -1.0219581796624908     
   5.5799998752772808       -1.0157200587159796     
   5.5899998750537634       -1.0095178202698687     
   5.5999998748302460       -1.0033512854293711     
   5.6099998746067286      -0.99722027583983675     
   5.6199998743832111      -0.99112461369005800     
   5.6299998741596937      -0.98506412171546920     
   5.6399998739361763      -0.97903862320127288     
   5.6499998737126589      -0.97304794198548272     
   5.6599998734891415      -0.96709190246185095     
   5.6699998732656240      -0.96117032958275495     
   5.6799998730421066      -0.95528304886196302     
   5.6899998728185892      -0.94942988637734160     
   5.6999998725950718      -0.94361066877346467     
   5.7099998723715544      -0.93782522326415574     
   5.7199998721480370      -0.93207337763494280     
   5.7299998719245195      -0.92635496024544040     
   5.7399998717010021      -0.92066980003164112     
   5.7499998714774847      -0.91501772650815383     
   5.7599998712539673      -0.90939856977034950     
   5.7699998710304499      -0.90381216049643420     
   5.7799998708069324      -0.89825832994945465     
   5.7899998705834150      -0.89273690997922550     
   5.7999998703598976      -0.88724773302419635     
   5.8099998701363802      -0.88179063211322983     
   5.8199998699128628      -0.87636544086733537     
   5.8299998696893454      -0.87097199350130872     
   5.8399998694658279      -0.86561012482531474     
   5.8499998692423105      -0.86027967024641860     
   5.8599998690187931      -0.85498046577002462     
   5.8699998687952757      -0.84971234800126538     
   5.8799998685717583      -0.84447515414633223     
   5.8899998683482409      -0.83926872201372760     
   5.8999998681247234      -0.83409289001546938     
   5.9099998679012060      -0.82894749716822247     
   5.9199998676776886      -0.82383238309438056     
   5.9299998674541712      -0.81874738802308755     
