   9.9999997764825821E-003   116.99951000001236     
   1.9999999552965164E-002   116.99804000514338     
   2.9999999329447746E-002   116.99559003576849     
   3.9999999105930328E-002   116.99216013263741     
   4.9999998882412910E-002   116.98775035687139     
   5.9999998658895493E-002   116.98236078995873     
   6.9999998435378075E-002   116.97599153374871     
   7.9999998211860657E-002   116.96864271044367     
   8.9999997988343239E-002   116.96031446258955     
   9.9999997764825821E-002   116.95100695306466     
  0.10999999754130840        116.94072036506675     
  0.11999999731779099        116.92945490209848     
  0.12999999709427357        116.91721078795109     
  0.13999999687075615        116.90398826668651     
  0.14999999664723873        116.88978760261767     
  0.15999999642372131        116.87460908028726     
  0.16999999620020390        116.85845300444473     
  0.17999999597668648        116.84131970002166     
  0.18999999575316906        116.82320951210545     
  0.19999999552965164        116.80412280591140     
  0.20999999530613422        116.78405996675308     
  0.21999999508261681        116.76302140001104     
  0.22999999485909939        116.74100753110002     
  0.23999999463558197        116.71801880543430     
  0.24999999441206455        116.69405568839160     
  0.25999999418854713        116.66911866527531     
  0.26999999396502972        116.64320824127502     
  0.27999999374151230        116.61632494142557     
  0.28999999351799488        116.58846931056442     
  0.29999999329447746        116.55964191328741     
  0.30999999307096004        116.52984333390297     
  0.31999999284744263        116.49907417638478     
  0.32999999262392521        116.46733506432273     
  0.33999999240040779        116.43462664087247     
  0.34999999217689037        116.40094956870333     
  0.35999999195337296        116.36630452994466     
  0.36999999172985554        116.33069222613069     
  0.37999999150633812        116.29411337814390     
  0.38999999128282070        116.25656872615671     
  0.39999999105930328        116.21805902957186     
  0.40999999083578587        116.17858506696115     
  0.41999999061226845        116.13814763600276     
  0.42999999038875103        116.09674755341706     
  0.43999999016523361        116.05438565490101     
  0.44999998994171619        116.01106279506101     
  0.45999998971819878        115.96677984734441     
  0.46999998949468136        115.92153770396951     
  0.47999998927116394        115.87533727585416     
  0.48999998904764652        115.82817949254303     
  0.49999998882412910        115.78006530213331     
  0.50999998860061169        115.73099567119921     
  0.51999998837709427        115.68097158471500     
  0.52999998815357685        115.62999404597666     
  0.53999998793005943        115.57806407652230     
  0.54999998770654202        115.52518271605112     
  0.55999998748302460        115.47135102234115     
  0.56999998725950718        115.41657007116561     
  0.57999998703598976        115.36084095620802     
  0.58999998681247234        115.30416478897607     
  0.59999998658895493        115.24654269871414     
  0.60999998636543751        115.18797583231463     
  0.61999998614192009        115.12846535422807     
  0.62999998591840267        115.06801244637195     
  0.63999998569488525        115.00661830803843     
  0.64999998547136784        114.94428415580074     
  0.65999998524785042        114.88101122341858     
  0.66999998502433300        114.81680076174217     
  0.67999998480081558        114.75165403861533     
  0.68999998457729816        114.68557233877726     
  0.69999998435378075        114.61855696376342     
  0.70999998413026333        114.55060923180510     
  0.71999998390674591        114.48173047772804     
  0.72999998368322849        114.41192205284996     
  0.73999998345971107        114.34118532487705     
  0.74999998323619366        114.26952167779936     
  0.75999998301267624        114.19693251178533     
  0.76999998278915882        114.12341924307513     
  0.77999998256564140        114.04898330387317     
  0.78999998234212399        113.97362614223957     
  0.79999998211860657        113.89734922198070     
  0.80999998189508915        113.82015402253884     
  0.81999998167157173        113.74204203888081     
  0.82999998144805431        113.66301478138583     
  0.83999998122453690        113.58307377573243     
  0.84999998100101948        113.50222056278452     
  0.85999998077750206        113.42045669847657     
  0.86999998055398464        113.33778375369810     
  0.87999998033046722        113.25420331417720     
  0.88999998010694981        113.16971698036330     
  0.89999997988343239        113.08432636730927     
  0.90999997965991497        112.99803310455263     
  0.91999997943639755        112.91083883599610     
  0.92999997921288013        112.82274521978741     
  0.93999997898936272        112.73375392819838     
  0.94999997876584530        112.64386664750339     
  0.95999997854232788        112.55308507785706     
  0.96999997831881046        112.46141093317142     
  0.97999997809529305        112.36884594099236     
  0.98999997787177563        112.27539184237547     
  0.99999997764825821        112.18105039176135     
   1.0099999774247408        112.08582335685021     
   1.0199999772012234        111.98971251847611     
   1.0299999769777060        111.89271967048046     
   1.0399999767541885        111.79484661958509     
   1.0499999765306711        111.69609518526482     
   1.0599999763071537        111.59646719961954     
   1.0699999760836363        111.49596450724576     
   1.0799999758601189        111.39458896510781     
   1.0899999756366014        111.29234244240850     
   1.0999999754130840        111.18922682045940     
   1.1099999751895666        111.08524399255079     
   1.1199999749660492        110.98039586382112     
   1.1299999747425318        110.87468435112616     
   1.1399999745190144        110.76811138290783     
   1.1499999742954969        110.66067889906262     
   1.1599999740719795        110.55238885080978     
   1.1699999738484621        110.44324320055918     
   1.1799999736249447        110.33324392177889     
   1.1899999734014273        110.22239299886250     
   1.1999999731779099        110.11069242699625     
   1.2099999729543924        109.99814421202582     
   1.2199999727308750        109.88475037032303     
   1.2299999725073576        109.77051292865229     
   1.2399999722838402        109.65543392403690     
   1.2499999720603228        109.53951540362516     
   1.2599999718368053        109.42275942455638     
   1.2699999716132879        109.30516805382670     
   1.2799999713897705        109.18674336815495     
   1.2899999711662531        109.06748745384822     
   1.2999999709427357        108.94740240666748     
   1.3099999707192183        108.82649033169318     
   1.3199999704957008        108.70475334319065     
   1.3299999702721834        108.58219356447565     
   1.3399999700486660        108.45881312777978     
   1.3499999698251486        108.33461417411597     
   1.3599999696016312        108.20959885314399     
   1.3699999693781137        108.08376932303594     
   1.3799999691545963        107.95712775034184     
   1.3899999689310789        107.82967630985532     
   1.3999999687075615        107.70141718447927     
   1.4099999684840441        107.57235256509175     
   1.4199999682605267        107.44248465041191     
   1.4299999680370092        107.31181564686608     
   1.4399999678134918        107.18034776845393     
   1.4499999675899744        107.04808323661493     
   1.4599999673664570        106.91502428009485     
   1.4699999671429396        106.78117313481252     
   1.4799999669194221        106.64653204372674     
   1.4899999666959047        106.51110325670345     
   1.4999999664723873        106.37488903038314     
   1.5099999662488699        106.23789162804846     
   1.5199999660253525        106.10011331949204     
   1.5299999658018351        105.96155638088476     
   1.5399999655783176        105.82222309464410     
   1.5499999653548002        105.68211574930291     
   1.5599999651312828        105.54123663937843     
   1.5699999649077654        105.39958806524166     
   1.5799999646842480        105.25717233298710     
   1.5899999644607306        105.11399175430273     
   1.5999999642372131        104.97004864634049     
   1.6099999640136957        104.82534533158699     
   1.6199999637901783        104.67988413773475     
   1.6299999635666609        104.53366739755369     
   1.6399999633431435        104.38669744876313     
   1.6499999631196260        104.23897663390422     
   1.6599999628961086        104.09050730021265     
   1.6699999626725912        103.94129179949205     
   1.6799999624490738        103.79133248798759     
   1.6899999622255564        103.64063172626021     
   1.6999999620020390        103.48919187906127     
   1.7099999617785215        103.33701531520769     
   1.7199999615550041        103.18410440745758     
   1.7299999613314867        103.03046153238638     
   1.7399999611079693        102.87608907026353     
   1.7499999608844519        102.72098940492963     
   1.7599999606609344        102.56516492367415     
   1.7699999604374170        102.40861801711374     
   1.7799999602138996        102.25135107907103     
   1.7899999599903822        102.09336650645398     
   1.7999999597668648        101.93466669913586     
   1.8099999595433474        101.77525405983582     
   1.8199999593198299        101.61513099399993     
   1.8299999590963125        101.45429990968299     
   1.8399999588727951        101.29276321743082     
   1.8499999586492777        101.13052333016323     
   1.8599999584257603        100.96758266305756     
   1.8699999582022429        100.80394363343291     
   1.8799999579787254        100.63960866063498     
   1.8899999577552080        100.47458016592154     
   1.8999999575316906        100.30886057234858     
   1.9099999573081732        100.14245230465713     
   1.9199999570846558        99.975357789160682     
   1.9299999568611383        99.807579453633394     
   1.9399999566376209        99.639119727198874     
   1.9499999564141035        99.469981040219707     
   1.9599999561905861        99.300165824187658     
   1.9699999559670687        99.129676511614562     
   1.9799999557435513        98.958515535923979     
   1.9899999555200338        98.786685331343477     
   1.9999999552965164        98.614188332797696     
   2.0099999550729990        98.441026975802089     
   2.0199999548494816        98.267203696357441     
   2.0299999546259642        98.092720930845104     
   2.0399999544024467        97.917581115922900     
   2.0499999541789293        97.741786688421897     
   2.0599999539554119        97.565340085243832     
   2.0699999537318945        97.388243743259309     
   2.0799999535083771        97.210500099206783     
   2.0899999532848597        97.032111589592276     
   2.0999999530613422        96.853080650589860     
   2.1099999528378248        96.673409717942931     
   2.1199999526143074        96.493101226866202     
   2.1299999523907900        96.312157611948550     
   2.1399999521672726        96.130581307056573     
   2.1499999519437551        95.948374745238965     
   2.1599999517202377        95.765540358631682     
   2.1699999514967203        95.582080578363872     
   2.1799999512732029        95.397997834464604     
   2.1899999510496855        95.213294555770375     
   2.1999999508261681        95.027973169833487     
   2.2099999506026506        94.842036102831116     
   2.2199999503791332        94.655485779475256     
   2.2299999501556158        94.468324622923447     
   2.2399999499320984        94.280555054690296     
   2.2499999497085810        94.092179494559829     
   2.2599999494850636        93.903200360498630     
   2.2699999492615461        93.713620068569796     
   2.2799999490380287        93.523441032847700     
   2.2899999488145113        93.332665665333565     
   2.2999999485909939        93.141296375871903     
   2.3099999483674765        92.949335572067653     
   2.3199999481439590        92.756785659204283     
   2.3299999479204416        92.563649040162559     
   2.3399999476969242        92.369928115340258     
   2.3499999474734068        92.175625282572625     
   2.3599999472498894        91.980742937053648     
   2.3699999470263720        91.785283471258197     
   2.3799999468028545        91.589249274864940     
   2.3899999465793371        91.392642734680109     
   2.3999999463558197        91.195466234562048     
   2.4099999461323023        90.997722155346608     
   2.4199999459087849        90.799412874773324     
   2.4299999456852674        90.600540767412483     
   2.4399999454617500        90.401108204592916     
   2.4499999452382326        90.201117554330679     
   2.4599999450147152        90.000571181258508     
   2.4699999447911978        89.799471446556083     
   2.4799999445676804        89.597820707881169     
   2.4899999443441629        89.395621319301483     
   2.4999999441206455        89.192875631227409     
   2.5099999438971281        88.989585990345546     
   2.5199999436736107        88.785754739553042     
   2.5299999434500933        88.581384217892747     
   2.5399999432265759        88.376476760489112     
   2.5499999430030584        88.171034698484988     
   2.5599999427795410        87.965060358979173     
   2.5699999425560236        87.758556064964736     
   2.5799999423325062        87.551524135268195     
   2.5899999421089888        87.343966884489447     
   2.5999999418854713        87.135886622942536     
   2.6099999416619539        86.927285656597135     
   2.6199999414384365        86.718166287020892     
   2.6299999412149191        86.508530811322558     
   2.6399999409914017        86.298381522095852     
   2.6499999407678843        86.087720707364142     
   2.6599999405443668        85.876550650525871     
   2.6699999403208494        85.664873630300832     
   2.6799999400973320        85.452691920677154     
   2.6899999398738146        85.240007790859053     
   2.6999999396502972        85.026823505215390     
   2.7099999394267797        84.813141323228962     
   2.7199999392032623        84.598963499446612     
   2.7299999389797449        84.384292283430000     
   2.7399999387562275        84.169129919707231     
   2.7499999385327101        83.953478647725149     
   2.7599999383091927        83.737340701802452     
   2.7699999380856752        83.520718311083499     
   2.7799999378621578        83.303613699492885     
   2.7899999376386404        83.086029085690782     
   2.7999999374151230        82.867966683028925     
   2.8099999371916056        82.649428699507453     
   2.8199999369680882        82.430417337732351     
   2.8299999367445707        82.210934794873737     
   2.8399999365210533        81.990983262624766     
   2.8499999362975359        81.770564927161317     
   2.8599999360740185        81.549681969102366     
   2.8699999358505011        81.328336563471083     
   2.8799999356269836        81.106530879656617     
   2.8899999354034662        80.884267081376592     
   2.8999999351799488        80.661547326640274     
   2.9099999349564314        80.438373767712505     
   2.9199999347329140        80.214748551078245     
   2.9299999345093966        79.990673817407796     
   2.9399999342858791        79.766151701522816     
   2.9499999340623617        79.541184332362874     
   2.9599999338388443        79.315773832952743     
   2.9699999336153269        79.089922320370377     
   2.9799999333918095        78.863631905715522     
   2.9899999331682920        78.636904694078950     
   2.9999999329447746        78.409742784512460     
   3.0099999327212572        78.182148269999402     
   3.0199999324977398        77.954123237425932     
   3.0299999322742224        77.725669767552873     
   3.0399999320507050        77.496789934988215     
   3.0499999318271875        77.267485808160245     
   3.0599999316036701        77.037759449291343     
   3.0699999313801527        76.807612914372342     
   3.0799999311566353        76.577048253137534     
   3.0899999309331179        76.346067509040310     
   3.0999999307096004        76.114672719229375     
   3.1099999304860830        75.882865914525581     
   3.1199999302625656        75.650649119399375     
   3.1299999300390482        75.418024351948830     
   3.1399999298155308        75.184993623878256     
   3.1499999295920134        74.951558940477398     
   3.1599999293684959        74.717722300601253     
   3.1699999291449785        74.483485696650419     
   3.1799999289214611        74.248851114552011     
   3.1899999286979437        74.013820533741224     
   3.1999999284744263        73.778395927143350     
   3.2099999282509089        73.542579261156405     
   3.2199999280273914        73.306372495634321     
   3.2299999278038740        73.069777583870689     
   3.2399999275803566        72.832796472582999     
   3.2499999273568392        72.595431101897432     
   3.2599999271333218        72.357683405334271     
   3.2699999269098043        72.119555309793682     
   3.2799999266862869        71.881048735542180     
   3.2899999264627695        71.642165596199519     
   3.2999999262392521        71.402907798726105     
   3.3099999260157347        71.163277243410946     
   3.3199999257922173        70.923275823860095     
   3.3299999255686998        70.682905426985613     
   3.3399999253451824        70.442167932994977     
   3.3499999251216650        70.201065215381021     
   3.3599999248981476        69.959599140912374     
   3.3699999246746302        69.717771569624304     
   3.3799999244511127        69.475584354810152     
   3.3899999242275953        69.233039343013132     
   3.3999999240040779        68.990138374018684     
   3.4099999237805605        68.746883280847200     
   3.4199999235570431        68.503275889747286     
   3.4299999233335257        68.259318020189454     
   3.4399999231100082        68.015011484860224     
   3.4499999228864908        67.770358089656725     
   3.4599999226629734        67.525359633681688     
   3.4699999224394560        67.280017909238907     
   3.4799999222159386        67.034334701829124     
   3.4899999219924212        66.788311790146324     
   3.4999999217689037        66.541950946074422     
   3.5099999215453863        66.295253934684467     
   3.5199999213218689        66.048222514232123     
   3.5299999210983515        65.800858436155664     
   3.5399999208748341        65.553163445074304     
   3.5499999206513166        65.305139278786967     
   3.5599999204277992        65.056787668271440     
   3.5699999202042818        64.808110337683857     
   3.5799999199807644        64.559109004358660     
   3.5899999197572470        64.309785378808883     
   3.5999999195337296        64.060141164726801     
   3.6099999193102121        63.810178058984995     
   3.6199999190866947        63.559897751637720     
   3.6299999188631773        63.309301925922696     
   3.6399999186396599        63.058392258263225     
   3.6499999184161425        62.807170418270658     
   3.6599999181926250        62.555638068747207     
   3.6699999179691076        62.303796865689115     
   3.6799999177455902        62.051648458290167     
   3.6899999175220728        61.799194488945517     
   3.6999999172985554        61.546436593255855     
   3.7099999170750380        61.293376400031896     
   3.7199999168515205        61.040015531299211     
   3.7299999166280031        60.786355602303345     
   3.7399999164044857        60.532398221515258     
   3.7499999161809683        60.278144990637109     
   3.7599999159574509        60.023597504608283     
   3.7699999157339334        59.768757351611768     
   3.7799999155104160        59.513626113080818     
   3.7899999152868986        59.258205363705898     
   3.7999999150633812        59.002496671441918     
   3.8099999148398638        58.746501597515767     
   3.8199999146163464        58.490221696434112     
   3.8299999143928289        58.233658515991486     
   3.8399999141693115        57.976813597278635     
   3.8499999139457941        57.719688474691146     
   3.8599999137222767        57.462284675938335     
   3.8699999134987593        57.204603722052390     
   3.8799999132752419        56.946647127397782     
   3.8899999130517244        56.688416399680932     
   3.8999999128282070        56.429913039960098     
   3.9099999126046896        56.171138542655555     
   3.9199999123811722        55.912094395559976     
   3.9299999121576548        55.652782079849068     
   3.9399999119341373        55.393203070092447     
   3.9499999117106199        55.133358834264726     
   3.9599999114871025        54.873250833756849     
   3.9699999112635851        54.612880523387652     
   3.9799999110400677        54.352249351415608     
   3.9899999108165503        54.091358759550843     
   3.9999999105930328        53.830210182967313     
   4.0099999103695154        53.568805050315220     
   4.0199999101459980        53.307144783733634     
   4.0299999099224806        53.045230798863287     
   4.0399999096989632        52.783064504859624     
   4.0499999094754457        52.520647304405976     
   4.0599999092519283        52.257980593726991     
   4.0699999090284109        51.995065762602216     
   4.0799999088048935        51.731904194379872     
   4.0899999085813761        51.468497265990820     
   4.0999999083578587        51.204846347962686     
   4.1099999081343412        50.940952804434197     
   4.1199999079108238        50.676817993169642     
   4.1299999076873064        50.412443265573543     
   4.1399999074637890        50.147829966705480     
   4.1499999072402716        49.882979435295056     
   4.1599999070167542        49.617893003757061     
   4.1699999067932367        49.352571998206763     
   4.1799999065697193        49.087017738475360     
   4.1899999063462019        48.821231538125602     
   4.1999999061226845        48.555214704467517     
   4.2099999058991671        48.288968538574323     
   4.2199999056756496        48.022494335298475     
   4.2299999054521322        47.755793383287831     
   4.2399999052286148        47.488866965001968     
   4.2499999050050974        47.221716356728621     
   4.2599999047815800        46.954342828600282     
   4.2699999045580626        46.686747644610882     
   4.2799999043345451        46.418932062632635     
   4.2899999041110277        46.150897334432969     
   4.2999999038875103        45.882644705691625     
   4.3099999036639929        45.614175416017815     
   4.3199999034404755        45.345490698967545     
   4.3299999032169580        45.076591782061008     
   4.3399999029934406        44.807479886800117     
   4.3499999027699232        44.538156228686120     
   4.3599999025464058        44.268622017237348     
   4.3699999023228884        43.998878456007013     
   4.3799999020993710        43.728926742601168     
   4.3899999018758535        43.458768068696706     
   4.3999999016523361        43.188403620059503     
   4.4099999014288187        42.917834576562605     
   4.4199999012053013        42.647062112204530     
   4.4299999009817839        42.376087395127655     
   4.4399999007582664        42.104911587636678     
   4.4499999005347490        41.833535846217167     
   4.4599999003112316        41.561961321554186     
   4.4699999000877142        41.290189158551009     
   4.4799998998641968        41.018220496347887     
   4.4899998996406794        40.746056468340896     
   4.4999998994171619        40.473698202200872     
   4.5099998991936445        40.201146819892386     
   4.5199998989701271        39.928403437692808     
   4.5299998987466097        39.655469166211418     
   4.5399998985230923        39.382345110408586     
   4.5499998982995749        39.109032369615029     
   4.5599998980760574        38.835532037551076     
   4.5699998978525400        38.561845202346049     
   4.5799998976290226        38.287972946557652     
   4.5899998974055052        38.013916347191433     
   4.5999998971819878        37.739676475720287     
   4.6099998969584703        37.465254398104015     
   4.6199998967349529        37.190651174808920     
   4.6299998965114355        36.915867860827447     
   4.6399998962879181        36.640905505697880     
   4.6499998960644007        36.365765153524038     
   4.6599998958408833        36.090447842995076     
   4.6699998956173658        35.814954607405255     
   4.6799998953938484        35.539286474673780     
   4.6899998951703310        35.263444467364678     
   4.6999998949468136        34.987429602706690     
   4.7099998947232962        34.711242892613178     
   4.7199998944997787        34.434885343702113     
   4.7299998942762613        34.158357957316035     
   4.7399998940527439        33.881661729542046     
   4.7499998938292265        33.604797651231863     
   4.7599998936057091        33.327766708021848     
   4.7699998933821917        33.050569880353088     
   4.7799998931586742        32.773208143491459     
   4.7899998929351568        32.495682467547752     
   4.7999998927116394        32.217993817497778     
   4.8099998924881220        31.940143153202488     
   4.8199998922646046        31.662131429428133     
   4.8299998920410872        31.383959595866404     
   4.8399998918175697        31.105628597154599     
   4.8499998915940523        30.827139372895783     
   4.8599998913705349        30.548492857678973     
   4.8699998911470175        30.269689981099308     
   4.8799998909235001        29.990731667778235     
   4.8899998906999826        29.711618837383700     
   4.8999998904764652        29.432352404650317     
   4.9099998902529478        29.152933279399569     
   4.9199998900294304        28.873362366559988     
   4.9299998898059130        28.593640566187322     
   4.9399998895823956        28.313768773484721     
   4.9499998893588781        28.033747878822908     
   4.9599998891353607        27.753578767760335     
   4.9699998889118433        27.473262321063341     
   4.9799998886883259        27.192799414726299     
   4.9899998884648085        26.912190919991744     
   4.9999998882412910        26.631437703370501     
   5.0099998880177736        26.350540626661800     
   5.0199998877942562        26.069500546973369     
   5.0299998875707388        25.788318316741510     
   5.0399998873472214        25.506994783751171     
   5.0499998871237040        25.225530791156000     
   5.0599998869001865        24.943927177498367     
   5.0699998866766691        24.662184776729379     
   5.0799998864531517        24.380304418228878     
   5.0899998862296343        24.098286926825402     
   5.0999998860061169        23.816133122816140     
   5.1099998857825994        23.533843821986856     
   5.1199998855590820        23.251419835631793     
   5.1299998853355646        22.968861970573549     
   5.1399998851120472        22.686171029182923     
   5.1499998848885298        22.403347809398749     
   5.1599998846650124        22.120393104747691     
   5.1699998844414949        21.837307704364004     
   5.1799998842179775        21.554092393009281     
   5.1899998839944601        21.270747951092162     
   5.1999998837709427        20.987275154688007     
   5.2099998835474253        20.703674775558550     
   5.2199998833239079        20.419947581171510     
   5.2299998831003904        20.136094334720166     
   5.2399998828768730        19.852115795142911     
   5.2499998826533556        19.568012717142764     
   5.2599998824298382        19.283785851206844     
   5.2699998822063208        18.999435943625809     
   5.2799998819828033        18.714963736513258     
   5.2899998817592859        18.430369967825101     
   5.2999998815357685        18.145655371378886     
   5.3099998813122511        17.860820676873082     
   5.3199998810887337        17.575866609906328     
   5.3299998808652163        17.290793891996643     
   5.3399998806416988        17.005603240600596     
   5.3499998804181814        16.720295369132423     
   5.3599998801946640        16.434870986983114     
   5.3699998799711466        16.149330799539459     
   5.3799998797476292        15.863675508203036     
   5.3899998795241117        15.577905810409165     
   5.3999998793005943        15.292022399645822     
   5.4099998790770769        15.006025965472494     
   5.4199998788535595        14.719917193539004     
   5.4299998786300421        14.433696765604276     
   5.4399998784065247        14.147365359555065     
   5.4499998781830072        13.860923649424633     
   5.4599998779594898        13.574372305411373     
   5.4699998777359724        13.287711993897400     
   5.4799998775124550        13.000943377467078     
   5.4899998772889376        12.714067114925502     
   5.4999998770654202        12.427083861316941     
   5.5099998768419027        12.139994267943212     
   5.5199998766183853        11.852798982382021     
   5.5299998763948679        11.565498648505244     
   5.5399998761713505        11.278093906497157     
   5.5499998759478331        10.990585392872619     
   5.5599998757243156        10.702973740495199     
   5.5699998755007982        10.415259578595251     
   5.5799998752772808        10.127443532787938     
   5.5899998750537634        9.8395262250912019     
   5.5999998748302460        9.5515082739436803     
   5.6099998746067286        9.2633902942225674     
   5.6199998743832111        8.9751728972614231     
   5.6299998741596937        8.6868566908679252     
   5.6399998739361763        8.3984422793415714     
   5.6499998737126589        8.1099302634913215     
   5.6599998734891415        7.8213212406531856     
   5.6699998732656240        7.5326158047077580     
   5.6799998730421066        7.2438145460976919     
   5.6899998728185892        6.9549180518451212     
   5.6999998725950718        6.6659269055690240     
   5.7099998723715544        6.3768416875025302     
   5.7199998721480370        6.0876629745101711     
   5.7299998719245195        5.7983913401050717     
   5.7399998717010021        5.5090273544660864     
   5.7499998714774847        5.2195715844548776     
   5.7599998712539673        4.9300245936329326     
   5.7699998710304499        4.6403869422785275     
   5.7799998708069324        4.3506591874036280     
   5.7899998705834150        4.0608418827707347     
   5.7999998703598976        3.7709355789096701     
   5.8099998701363802        3.4809408231343029     
   5.8199998699128628        3.1908581595592165     
   5.8299998696893454        2.9006881291163173     
   5.8399998694658279        2.6104312695713832     
   5.8499998692423105        2.3200881155405533     
   5.8599998690187931        2.0296591985067565     
   5.8699998687952757        1.7391450468360812     
   5.8799998685717583        1.4485461857940853     
   5.8899998683482409        1.1578631375620450     
   5.8999998681247234       0.86709642125314335     
   5.9099998679012060       0.57624655292859983     
   5.9199998676776886       0.28531404561373735     
   5.9299998674541712       -5.7005906860095878E-003
