   9.9999997764825821E-003   56.962000000849365     
   1.9999999552965164E-002   56.923020001723465     
   2.9999999329447746E-002   56.883060002622301     
   3.9999999105930328E-002   56.842120003545872     
   4.9999998882412910E-002   56.800200004494179     
   5.9999998658895493E-002   56.757300005467222     
   6.9999998435378075E-002   56.713420006465007     
   7.9999998211860657E-002   56.668560007487528     
   8.9999997988343239E-002   56.622720008534785     
   9.9999997764825821E-002   56.575900009606777     
  0.10999999754130840        56.528100010703504     
  0.11999999731779099        56.479320011824967     
  0.12999999709427357        56.429560012971166     
  0.13999999687075615        56.378820014142100     
  0.14999999664723873        56.327100015337770     
  0.15999999642372131        56.274400016558175     
  0.16999999620020390        56.220720017803316     
  0.17999999597668648        56.166060019073193     
  0.18999999575316906        56.110420020367805     
  0.19999999552965164        56.053800021687152     
  0.20999999530613422        55.996200023031236     
  0.21999999508261681        55.937620024400054     
  0.22999999485909939        55.878060025793609     
  0.23999999463558197        55.817520027211899     
  0.24999999441206455        55.756000028654924     
  0.25999999418854713        55.693500030122685     
  0.26999999396502972        55.630020031615189     
  0.27999999374151230        55.565560033132428     
  0.28999999351799488        55.500120034674403     
  0.29999999329447746        55.433700036241113     
  0.30999999307096004        55.366300037832559     
  0.31999999284744263        55.297920039448741     
  0.32999999262392521        55.228560041089658     
  0.33999999240040779        55.158220042755310     
  0.34999999217689037        55.086900044445699     
  0.35999999195337296        55.014600046160822     
  0.36999999172985554        54.941320047900682     
  0.37999999150633812        54.867060049665277     
  0.38999999128282070        54.791820051454607     
  0.39999999105930328        54.715600053268673     
  0.40999999083578587        54.638400055107475     
  0.41999999061226845        54.560220056971012     
  0.42999999038875103        54.481060058859285     
  0.43999999016523361        54.400920060772293     
  0.44999998994171619        54.319800062710037     
  0.45999998971819878        54.237700064672516     
  0.46999998949468136        54.154620066659739     
  0.47999998927116394        54.070560068671696     
  0.48999998904764652        53.985520070708390     
  0.49999998882412910        53.899500072769818     
  0.50999998860061169        53.812500074855983     
  0.51999998837709427        53.724520076966883     
  0.52999998815357685        53.635560079102518     
  0.53999998793005943        53.545620081262889     
  0.54999998770654202        53.454700083447996     
  0.55999998748302460        53.362800085657838     
  0.56999998725950718        53.269920087892416     
  0.57999998703598976        53.176060090151729     
  0.58999998681247234        53.081220092435778     
  0.59999998658895493        52.985400094744563     
  0.60999998636543751        52.888600097078083     
  0.61999998614192009        52.790820099436338     
  0.62999998591840267        52.692060101819330     
  0.63999998569488525        52.592320104227056     
  0.64999998547136784        52.491600106659519     
  0.65999998524785042        52.389900109116724     
  0.66999998502433300        52.287220111598664     
  0.67999998480081558        52.183560114105340     
  0.68999998457729816        52.078920116636752     
  0.69999998435378075        51.973300119192899     
  0.70999998413026333        51.866700121773782     
  0.71999998390674591        51.759120124379400     
  0.72999998368322849        51.650560127009754     
  0.73999998345971107        51.541020129664844     
  0.74999998323619366        51.430500132344669     
  0.75999998301267624        51.319000135049230     
  0.76999998278915882        51.206520137778526     
  0.77999998256564140        51.093060140532558     
  0.78999998234212399        50.978620143311325     
  0.79999998211860657        50.863200146114828     
  0.80999998189508915        50.746800148943066     
  0.81999998167157173        50.629420151796040     
  0.82999998144805431        50.511060154673750     
  0.83999998122453690        50.391720157576195     
  0.84999998100101948        50.271400160503376     
  0.85999998077750206        50.150100163455299     
  0.86999998055398464        50.027820166431958     
  0.87999998033046722        49.904560169433353     
  0.88999998010694981        49.780320172459483     
  0.89999997988343239        49.655100175510348     
  0.90999997965991497        49.528900178585950     
  0.91999997943639755        49.401720181686287     
  0.92999997921288013        49.273560184811359     
  0.93999997898936272        49.144420187961167     
  0.94999997876584530        49.014300191135710     
  0.95999997854232788        48.883200194334989     
  0.96999997831881046        48.751120197559004     
  0.97999997809529305        48.618060200807754     
  0.98999997787177563        48.484020204081240     
  0.99999997764825821        48.349000207379461     
   1.0099999774247408        48.213000210702418     
   1.0199999772012234        48.076020214050111     
   1.0299999769777060        47.938060217422539     
   1.0399999767541885        47.799120220819702     
   1.0499999765306711        47.659200224241602     
   1.0599999763071537        47.518300227688243     
   1.0699999760836363        47.376420231159621     
   1.0799999758601189        47.233560234655734     
   1.0899999756366014        47.089720238176582     
   1.0999999754130840        46.944900241722166     
   1.1099999751895666        46.799100245292486     
   1.1199999749660492        46.652320248887541     
   1.1299999747425318        46.504560252507332     
   1.1399999745190144        46.355820256151858     
   1.1499999742954969        46.206100259821120     
   1.1599999740719795        46.055400263515118     
   1.1699999738484621        45.903720267233851     
   1.1799999736249447        45.751060270977320     
   1.1899999734014273        45.597420274745524     
   1.1999999731779099        45.442800278538463     
   1.2099999729543924        45.287200282356139     
   1.2199999727308750        45.130620286198550     
   1.2299999725073576        44.973060290065696     
   1.2399999722838402        44.814520293957578     
   1.2499999720603228        44.655000297874203     
   1.2599999718368053        44.494500301815563     
   1.2699999716132879        44.333020305781659     
   1.2799999713897705        44.170560309772490     
   1.2899999711662531        44.007120313788057     
   1.2999999709427357        43.842700317828360     
   1.3099999707192183        43.677300321893398     
   1.3199999704957008        43.510920325983172     
   1.3299999702721834        43.343560330097681     
   1.3399999700486660        43.175220334236926     
   1.3499999698251486        43.005900338400906     
   1.3599999696016312        42.835600342589622     
   1.3699999693781137        42.664320346803073     
   1.3799999691545963        42.492060351041260     
   1.3899999689310789        42.318820355304183     
   1.3999999687075615        42.144600359591841     
   1.4099999684840441        41.969400363904235     
   1.4199999682605267        41.793220368241364     
   1.4299999680370092        41.616060372603229     
   1.4399999678134918        41.437920376989837     
   1.4499999675899744        41.258800381401180     
   1.4599999673664570        41.078700385837259     
   1.4699999671429396        40.897620390298073     
   1.4799999669194221        40.715560394783623     
   1.4899999666959047        40.532520399293908     
   1.4999999664723873        40.348500403828929     
   1.5099999662488699        40.163500408388686     
   1.5199999660253525        39.977520412973178     
   1.5299999658018351        39.790560417582405     
   1.5399999655783176        39.602620422216368     
   1.5499999653548002        39.413700426875067     
   1.5599999651312828        39.223800431558502     
   1.5699999649077654        39.032920436266672     
   1.5799999646842480        38.841060440999577     
   1.5899999644607306        38.648220445757218     
   1.5999999642372131        38.454400450539595     
   1.6099999640136957        38.259600455346707     
   1.6199999637901783        38.063820460178555     
   1.6299999635666609        37.867060465035145     
   1.6399999633431435        37.669320469916471     
   1.6499999631196260        37.470600474822533     
   1.6599999628961086        37.270900479753330     
   1.6699999626725912        37.070220484708862     
   1.6799999624490738        36.868560489689131     
   1.6899999622255564        36.665920494694134     
   1.6999999620020390        36.462300499723874     
   1.7099999617785215        36.257700504778349     
   1.7199999615550041        36.052120509857559     
   1.7299999613314867        35.845560514961505     
   1.7399999611079693        35.638020520090187     
   1.7499999608844519        35.429500525243604     
   1.7599999606609344        35.220000530421757     
   1.7699999604374170        35.009520535624645     
   1.7799999602138996        34.798060540852269     
   1.7899999599903822        34.585620546104629     
   1.7999999597668648        34.372200551381724     
   1.8099999595433474        34.157800556683554     
   1.8199999593198299        33.942420562010128     
   1.8299999590963125        33.726060567361436     
   1.8399999588727951        33.508720572737481     
   1.8499999586492777        33.290400578138261     
   1.8599999584257603        33.071100583563776     
   1.8699999582022429        32.850820589014027     
   1.8799999579787254        32.629560594489014     
   1.8899999577552080        32.407320599988736     
   1.8999999575316906        32.184100605513194     
   1.9099999573081732        31.959900611062388     
   1.9199999570846558        31.734720616636316     
   1.9299999568611383        31.508560622234981     
   1.9399999566376209        31.281420627858381     
   1.9499999564141035        31.053300633506517     
   1.9599999561905861        30.824200639179391     
   1.9699999559670687        30.594120644877002     
   1.9799999557435513        30.363060650599348     
   1.9899999555200338        30.131020656346429     
   1.9999999552965164        29.898000662118246     
   2.0099999550729990        29.664000667914799     
   2.0199999548494816        29.429020673736087     
   2.0299999546259642        29.193060679582111     
   2.0399999544024467        28.956120685452870     
   2.0499999541789293        28.718200691348368     
   2.0599999539554119        28.479300697268602     
   2.0699999537318945        28.239420703213572     
   2.0799999535083771        27.998560709183277     
   2.0899999532848597        27.756720715177718     
   2.0999999530613422        27.513900721196894     
   2.1099999528378248        27.270100727240806     
   2.1199999526143074        27.025320733309453     
   2.1299999523907900        26.779560739402836     
   2.1399999521672726        26.532820745520958     
   2.1499999519437551        26.285100751663816     
   2.1599999517202377        26.036400757831409     
   2.1699999514967203        25.786720764023737     
   2.1799999512732029        25.536060770240802     
   2.1899999510496855        25.284420776482602     
   2.1999999508261681        25.031800782749137     
   2.2099999506026506        24.778200789040408     
   2.2199999503791332        24.523620795356415     
   2.2299999501556158        24.268060801697157     
   2.2399999499320984        24.011520808062638     
   2.2499999497085810        23.754000814452855     
   2.2599999494850636        23.495500820867807     
   2.2699999492615461        23.236020827307495     
   2.2799999490380287        22.975560833771919     
   2.2899999488145113        22.714120840261078     
   2.2999999485909939        22.451700846774973     
   2.3099999483674765        22.188300853313603     
   2.3199999481439590        21.923920859876969     
   2.3299999479204416        21.658560866465074     
   2.3399999476969242        21.392220873077914     
   2.3499999474734068        21.124900879715490     
   2.3599999472498894        20.856600886377802     
   2.3699999470263720        20.587320893064849     
   2.3799999468028545        20.317060899776632     
   2.3899999465793371        20.045820906513150     
   2.3999999463558197        19.773600913274404     
   2.4099999461323023        19.500400920060393     
   2.4199999459087849        19.226220926871122     
   2.4299999456852674        18.951060933706586     
   2.4399999454617500        18.674920940566786     
   2.4499999452382326        18.397800947451721     
   2.4599999450147152        18.119700954361392     
   2.4699999447911978        17.840620961295798     
   2.4799999445676804        17.560560968254940     
   2.4899999443441629        17.279520975238817     
   2.4999999441206455        16.997500982247431     
   2.5099999438971281        16.714500989280779     
   2.5199999436736107        16.430520996338867     
   2.5299999434500933        16.145561003421690     
   2.5399999432265759        15.859621010529249     
   2.5499999430030584        15.572701017661544     
   2.5599999427795410        15.284801024818574     
   2.5699999425560236        14.995921032000339     
   2.5799999423325062        14.706061039206840     
   2.5899999421089888        14.415221046438079     
   2.5999999418854713        14.123401053694053     
   2.6099999416619539        13.830601060974763     
   2.6199999414384365        13.536821068280208     
   2.6299999412149191        13.242061075610390     
   2.6399999409914017        12.946321082965309     
   2.6499999407678843        12.649601090344962     
   2.6599999405443668        12.351901097749352     
   2.6699999403208494        12.053221105178476     
   2.6799999400973320        11.753561112632338     
   2.6899999398738146        11.452921120110936     
   2.6999999396502972        11.151301127614270     
   2.7099999394267797        10.848701135142338     
   2.7199999392032623        10.545121142695143     
   2.7299999389797449        10.240561150272685     
   2.7399999387562275        9.9350211578749619     
   2.7499999385327101        9.6285011655019748     
   2.7599999383091927        9.3210011731537232     
   2.7699999380856752        9.0125211808302090     
   2.7799999378621578        8.7030611885314304     
   2.7899999376386404        8.3926211962573873     
   2.7999999374151230        8.0812012040080798     
   2.8099999371916056        7.7688012117835088     
   2.8199999369680882        7.4554212195836733     
   2.8299999367445707        7.1410612274085743     
   2.8399999365210533        6.8257212352582108     
   2.8499999362975359        6.5094012431325829     
   2.8599999360740185        6.1921012510316915     
   2.8699999358505011        5.8738212589555356     
   2.8799999356269836        5.5545612669041162     
   2.8899999354034662        5.2343212748774324     
   2.8999999351799488        4.9131012828754850     
   2.9099999349564314        4.5909012908982731     
   2.9199999347329140        4.2677212989457969     
   2.9299999345093966        3.9435613070180571     
   2.9399999342858791        3.6184213151150533     
   2.9499999340623617        3.2923013232367850     
   2.9599999338388443        2.9652013313832528     
   2.9699999336153269        2.6371213395544566     
   2.9799999333918095        2.3080613477503964     
   2.9899999331682920        1.9780213559710722     
   2.9999999329447746        1.6470013642164840     
   3.0099999327212572        1.3150013724866316     
   3.0199999324977398       0.98202138078151524     
   3.0299999322742224       0.64806138910113487     
   3.0399999320507050       0.31312139744549033     
   3.0499999318271875       -2.2798594185418242E-002
