   9.9999997764825821E-003  -3.8979999997168777     
   1.9999999552965164E-002  -3.9959999994337556     
   2.9999999329447746E-002  -4.0939999991506335     
   3.9999999105930328E-002  -4.1919999988675114     
   4.9999998882412910E-002  -4.2899999985843893     
   5.9999998658895493E-002  -4.3879999983012672     
   6.9999998435378075E-002  -4.4859999980181451     
   7.9999998211860657E-002  -4.5839999977350230     
   8.9999997988343239E-002  -4.6819999974519009     
   9.9999997764825821E-002  -4.7799999971687788     
  0.10999999754130840       -4.8779999968856567     
  0.11999999731779099       -4.9759999966025346     
  0.12999999709427357       -5.0739999963194125     
  0.13999999687075615       -5.1719999960362903     
  0.14999999664723873       -5.2699999957531682     
  0.15999999642372131       -5.3679999954700461     
  0.16999999620020390       -5.4659999951869240     
  0.17999999597668648       -5.5639999949038019     
  0.18999999575316906       -5.6619999946206798     
  0.19999999552965164       -5.7599999943375577     
  0.20999999530613422       -5.8579999940544356     
  0.21999999508261681       -5.9559999937713135     
  0.22999999485909939       -6.0539999934881914     
  0.23999999463558197       -6.1519999932050693     
  0.24999999441206455       -6.2499999929219472     
  0.25999999418854713       -6.3479999926388251     
  0.26999999396502972       -6.4459999923557030     
  0.27999999374151230       -6.5439999920725809     
  0.28999999351799488       -6.6419999917894588     
  0.29999999329447746       -6.7399999915063367     
  0.30999999307096004       -6.8379999912232146     
  0.31999999284744263       -6.9359999909400925     
  0.32999999262392521       -7.0339999906569703     
  0.33999999240040779       -7.1319999903738482     
  0.34999999217689037       -7.2299999900907261     
  0.35999999195337296       -7.3279999898076040     
  0.36999999172985554       -7.4259999895244819     
  0.37999999150633812       -7.5239999892413598     
  0.38999999128282070       -7.6219999889582377     
  0.39999999105930328       -7.7199999886751156     
  0.40999999083578587       -7.8179999883919935     
  0.41999999061226845       -7.9159999881088714     
  0.42999999038875103       -8.0139999878257484     
  0.43999999016523361       -8.1119999875426263     
  0.44999998994171619       -8.2099999872595042     
  0.45999998971819878       -8.3079999869763821     
  0.46999998949468136       -8.4059999866932600     
  0.47999998927116394       -8.5039999864101379     
  0.48999998904764652       -8.6019999861270158     
  0.49999998882412910       -8.6999999858438937     
  0.50999998860061169       -8.7979999855607716     
  0.51999998837709427       -8.8959999852776495     
  0.52999998815357685       -8.9939999849945274     
  0.53999998793005943       -9.0919999847114052     
  0.54999998770654202       -9.1899999844282831     
  0.55999998748302460       -9.2879999841451610     
  0.56999998725950718       -9.3859999838620389     
  0.57999998703598976       -9.4839999835789168     
  0.58999998681247234       -9.5819999832957947     
  0.59999998658895493       -9.6799999830126726     
  0.60999998636543751       -9.7779999827295505     
  0.61999998614192009       -9.8759999824464284     
  0.62999998591840267       -9.9739999821633063     
  0.63999998569488525       -10.071999981880184     
  0.64999998547136784       -10.169999981597062     
  0.65999998524785042       -10.267999981313940     
  0.66999998502433300       -10.365999981030818     
  0.67999998480081558       -10.463999980747696     
  0.68999998457729816       -10.561999980464574     
  0.69999998435378075       -10.659999980181452     
  0.70999998413026333       -10.757999979898329     
  0.71999998390674591       -10.855999979615207     
  0.72999998368322849       -10.953999979332085     
  0.73999998345971107       -11.051999979048963     
  0.74999998323619366       -11.149999978765841     
  0.75999998301267624       -11.247999978482719     
  0.76999998278915882       -11.345999978199597     
  0.77999998256564140       -11.443999977916475     
  0.78999998234212399       -11.541999977633353     
  0.79999998211860657       -11.639999977350231     
  0.80999998189508915       -11.737999977067108     
  0.81999998167157173       -11.835999976783986     
  0.82999998144805431       -11.933999976500864     
  0.83999998122453690       -12.031999976217742     
  0.84999998100101948       -12.129999975934620     
  0.85999998077750206       -12.227999975651498     
  0.86999998055398464       -12.325999975368376     
  0.87999998033046722       -12.423999975085254     
  0.88999998010694981       -12.521999974802132     
  0.89999997988343239       -12.619999974519009     
  0.90999997965991497       -12.717999974235887     
  0.91999997943639755       -12.815999973952765     
  0.92999997921288013       -12.913999973669643     
  0.93999997898936272       -13.011999973386521     
  0.94999997876584530       -13.109999973103399     
  0.95999997854232788       -13.207999972820277     
  0.96999997831881046       -13.305999972537155     
  0.97999997809529305       -13.403999972254033     
  0.98999997787177563       -13.501999971970911     
  0.99999997764825821       -13.599999971687788     
   1.0099999774247408       -13.697999971404666     
   1.0199999772012234       -13.795999971121544     
   1.0299999769777060       -13.893999970838422     
   1.0399999767541885       -13.991999970555300     
   1.0499999765306711       -14.089999970272178     
   1.0599999763071537       -14.187999969989056     
   1.0699999760836363       -14.285999969705934     
   1.0799999758601189       -14.383999969422812     
   1.0899999756366014       -14.481999969139689     
   1.0999999754130840       -14.579999968856567     
   1.1099999751895666       -14.677999968573445     
   1.1199999749660492       -14.775999968290323     
   1.1299999747425318       -14.873999968007201     
   1.1399999745190144       -14.971999967724079     
   1.1499999742954969       -15.069999967440957     
   1.1599999740719795       -15.167999967157835     
   1.1699999738484621       -15.265999966874713     
   1.1799999736249447       -15.363999966591591     
   1.1899999734014273       -15.461999966308468     
   1.1999999731779099       -15.559999966025346     
   1.2099999729543924       -15.657999965742224     
   1.2199999727308750       -15.755999965459102     
   1.2299999725073576       -15.853999965175980     
   1.2399999722838402       -15.951999964892858     
   1.2499999720603228       -16.049999964609736     
   1.2599999718368053       -16.147999964326615     
   1.2699999716132879       -16.245999964043492     
   1.2799999713897705       -16.343999963760368     
   1.2899999711662531       -16.441999963477244     
   1.2999999709427357       -16.539999963194120     
   1.3099999707192183       -16.637999962910996     
   1.3199999704957008       -16.735999962627872     
   1.3299999702721834       -16.833999962344748     
   1.3399999700486660       -16.931999962061624     
   1.3499999698251486       -17.029999961778501     
   1.3599999696016312       -17.127999961495377     
   1.3699999693781137       -17.225999961212253     
   1.3799999691545963       -17.323999960929129     
   1.3899999689310789       -17.421999960646005     
   1.3999999687075615       -17.519999960362881     
   1.4099999684840441       -17.617999960079757     
   1.4199999682605267       -17.715999959796633     
   1.4299999680370092       -17.813999959513509     
   1.4399999678134918       -17.911999959230386     
   1.4499999675899744       -18.009999958947262     
   1.4599999673664570       -18.107999958664138     
   1.4699999671429396       -18.205999958381014     
   1.4799999669194221       -18.303999958097890     
   1.4899999666959047       -18.401999957814766     
   1.4999999664723873       -18.499999957531642     
   1.5099999662488699       -18.597999957248518     
   1.5199999660253525       -18.695999956965395     
   1.5299999658018351       -18.793999956682271     
   1.5399999655783176       -18.891999956399147     
   1.5499999653548002       -18.989999956116023     
   1.5599999651312828       -19.087999955832899     
   1.5699999649077654       -19.185999955549775     
   1.5799999646842480       -19.283999955266651     
   1.5899999644607306       -19.381999954983527     
   1.5999999642372131       -19.479999954700403     
   1.6099999640136957       -19.577999954417280     
   1.6199999637901783       -19.675999954134156     
   1.6299999635666609       -19.773999953851032     
   1.6399999633431435       -19.871999953567908     
   1.6499999631196260       -19.969999953284784     
   1.6599999628961086       -20.067999953001660     
   1.6699999626725912       -20.165999952718536     
   1.6799999624490738       -20.263999952435412     
   1.6899999622255564       -20.361999952152289     
   1.6999999620020390       -20.459999951869165     
   1.7099999617785215       -20.557999951586041     
   1.7199999615550041       -20.655999951302917     
   1.7299999613314867       -20.753999951019793     
   1.7399999611079693       -20.851999950736669     
   1.7499999608844519       -20.949999950453545     
   1.7599999606609344       -21.047999950170421     
   1.7699999604374170       -21.145999949887297     
   1.7799999602138996       -21.243999949604174     
   1.7899999599903822       -21.341999949321050     
   1.7999999597668648       -21.439999949037926     
   1.8099999595433474       -21.537999948754802     
   1.8199999593198299       -21.635999948471678     
   1.8299999590963125       -21.733999948188554     
   1.8399999588727951       -21.831999947905430     
   1.8499999586492777       -21.929999947622306     
   1.8599999584257603       -22.027999947339183     
   1.8699999582022429       -22.125999947056059     
   1.8799999579787254       -22.223999946772935     
   1.8899999577552080       -22.321999946489811     
   1.8999999575316906       -22.419999946206687     
   1.9099999573081732       -22.517999945923563     
   1.9199999570846558       -22.615999945640439     
   1.9299999568611383       -22.713999945357315     
   1.9399999566376209       -22.811999945074191     
   1.9499999564141035       -22.909999944791068     
   1.9599999561905861       -23.007999944507944     
   1.9699999559670687       -23.105999944224820     
   1.9799999557435513       -23.203999943941696     
   1.9899999555200338       -23.301999943658572     
   1.9999999552965164       -23.399999943375448     
   2.0099999550729990       -23.497999943092324     
   2.0199999548494816       -23.595999942809200     
   2.0299999546259642       -23.693999942526077     
   2.0399999544024467       -23.791999942242953     
   2.0499999541789293       -23.889999941959829     
   2.0599999539554119       -23.987999941676705     
   2.0699999537318945       -24.085999941393581     
   2.0799999535083771       -24.183999941110457     
   2.0899999532848597       -24.281999940827333     
   2.0999999530613422       -24.379999940544209     
   2.1099999528378248       -24.477999940261085     
   2.1199999526143074       -24.575999939977962     
   2.1299999523907900       -24.673999939694838     
   2.1399999521672726       -24.771999939411714     
   2.1499999519437551       -24.869999939128590     
   2.1599999517202377       -24.967999938845466     
   2.1699999514967203       -25.065999938562342     
   2.1799999512732029       -25.163999938279218     
   2.1899999510496855       -25.261999937996094     
   2.1999999508261681       -25.359999937712971     
   2.2099999506026506       -25.457999937429847     
   2.2199999503791332       -25.555999937146723     
   2.2299999501556158       -25.653999936863599     
   2.2399999499320984       -25.751999936580475     
   2.2499999497085810       -25.849999936297351     
   2.2599999494850636       -25.947999936014227     
   2.2699999492615461       -26.045999935731103     
   2.2799999490380287       -26.143999935447980     
   2.2899999488145113       -26.241999935164856     
   2.2999999485909939       -26.339999934881732     
   2.3099999483674765       -26.437999934598608     
   2.3199999481439590       -26.535999934315484     
   2.3299999479204416       -26.633999934032360     
   2.3399999476969242       -26.731999933749236     
   2.3499999474734068       -26.829999933466112     
   2.3599999472498894       -26.927999933182988     
   2.3699999470263720       -27.025999932899865     
   2.3799999468028545       -27.123999932616741     
   2.3899999465793371       -27.221999932333617     
   2.3999999463558197       -27.319999932050493     
   2.4099999461323023       -27.417999931767369     
   2.4199999459087849       -27.515999931484245     
   2.4299999456852674       -27.613999931201121     
   2.4399999454617500       -27.711999930917997     
   2.4499999452382326       -27.809999930634874     
   2.4599999450147152       -27.907999930351750     
   2.4699999447911978       -28.005999930068626     
   2.4799999445676804       -28.103999929785502     
   2.4899999443441629       -28.201999929502378     
   2.4999999441206455       -28.299999929219254     
   2.5099999438971281       -28.397999928936130     
   2.5199999436736107       -28.495999928653006     
   2.5299999434500933       -28.593999928369882     
   2.5399999432265759       -28.691999928086759     
   2.5499999430030584       -28.789999927803635     
   2.5599999427795410       -28.887999927520511     
   2.5699999425560236       -28.985999927237387     
   2.5799999423325062       -29.083999926954263     
   2.5899999421089888       -29.181999926671139     
   2.5999999418854713       -29.279999926388015     
   2.6099999416619539       -29.377999926104891     
   2.6199999414384365       -29.475999925821768     
   2.6299999412149191       -29.573999925538644     
   2.6399999409914017       -29.671999925255520     
   2.6499999407678843       -29.769999924972396     
   2.6599999405443668       -29.867999924689272     
   2.6699999403208494       -29.965999924406148     
   2.6799999400973320       -30.063999924123024     
   2.6899999398738146       -30.161999923839900     
   2.6999999396502972       -30.259999923556776     
   2.7099999394267797       -30.357999923273653     
   2.7199999392032623       -30.455999922990529     
   2.7299999389797449       -30.553999922707405     
   2.7399999387562275       -30.651999922424281     
   2.7499999385327101       -30.749999922141157     
   2.7599999383091927       -30.847999921858033     
   2.7699999380856752       -30.945999921574909     
   2.7799999378621578       -31.043999921291785     
   2.7899999376386404       -31.141999921008662     
   2.7999999374151230       -31.239999920725538     
   2.8099999371916056       -31.337999920442414     
   2.8199999369680882       -31.435999920159290     
   2.8299999367445707       -31.533999919876166     
   2.8399999365210533       -31.631999919593042     
   2.8499999362975359       -31.729999919309918     
   2.8599999360740185       -31.827999919026794     
   2.8699999358505011       -31.925999918743670     
   2.8799999356269836       -32.023999918460547     
   2.8899999354034662       -32.121999918177423     
   2.8999999351799488       -32.219999917894299     
   2.9099999349564314       -32.317999917611175     
   2.9199999347329140       -32.415999917328051     
   2.9299999345093966       -32.513999917044927     
   2.9399999342858791       -32.611999916761803     
   2.9499999340623617       -32.709999916478679     
   2.9599999338388443       -32.807999916195556     
   2.9699999336153269       -32.905999915912432     
   2.9799999333918095       -33.003999915629308     
   2.9899999331682920       -33.101999915346184     
   2.9999999329447746       -33.199999915063060     
   3.0099999327212572       -33.297999914779936     
   3.0199999324977398       -33.395999914496812     
   3.0299999322742224       -33.493999914213688     
   3.0399999320507050       -33.591999913930565     
   3.0499999318271875       -33.689999913647441     
